hash	task_id	native_id	process	tag	name	status	exit	module	container	cpus	time	disk	memory	attempt	submit	start	complete	duration	realtime	queue	%cpu	%mem	rss	vmem	peak_rss	peak_vmem	rchar	wchar	syscr	syscw	read_bytes	write_bytes	vol_ctxt	inv_ctxt	workdir	scratch	error_action	chunks	gmt_lines	gmt_genes	n_rows	n_cols	model
eb/e561f9	24	2695356.pbs02	phase1_fg	kidney/kidney.0256/01	phase1_fg (kidney/kidney.0256/01)	COMPLETED	0			1	86400000			1	1623359260573	1623359266517	1623359416529	155956	146634		180.8	1.1	711147520	2661318656	852066304	2728427520	603081614	185562427	53696	45330	6617	7307	4190	1182	/scratch1/btsheal/work/eb/e561f96527bb66b88506c956466be1			16	16	202	929	19216	lr
35/bcc1ac	23	2695360.pbs02	phase1_fg	kidney/kidney.0256/00	phase1_fg (kidney/kidney.0256/00)	COMPLETED	0			1	86400000			1	1623359273751	1623359281517	1623359431527	157776	152983		181.5	1.1	711376896	2661318656	852430848	2728427520	603083449	185563040	53083	45330	7142	7507	4193	1232	/scratch1/btsheal/work/35/bcc1ac1bd8a907c295ecb1422f6d81			16	17	228	929	19216	lr
01/9b3ed5	25	2695361.pbs02	phase1_fg	kidney/kidney.0256/02	phase1_fg (kidney/kidney.0256/02)	COMPLETED	0			1	86400000			1	1623359286911	1623359291545	1623359441531	154620	147016		180.7	1.1	711057408	2661314560	851984384	2728423424	603080959	185562286	55590	45330	6800	7107	4198	1183	/scratch1/btsheal/work/01/9b3ed5e70e0bb01730a08ae2319218			16	15	211	929	19216	lr
4f/e6db30	26	2695363.pbs02	phase1_fg	kidney/kidney.0256/04	phase1_fg (kidney/kidney.0256/04)	COMPLETED	0			1	86400000			1	1623359299981	1623359306520	1623359451532	151551	142795		179.6	1.1	711163904	2661314560	852156416	2728423424	603082189	185562657	50542	45330	6962	7307	4200	1179	/scratch1/btsheal/work/4f/e6db30e056effe978446e55764aa4d			16	16	218	929	19216	lr
63/8a67b6	27	2695364.pbs02	phase1_fg	kidney/kidney.0256/03	phase1_fg (kidney/kidney.0256/03)	COMPLETED	0			1	86400000			1	1623359313074	1623359321525	1623359461532	148458	141679		178.8	1.1	710692864	2661314560	852013056	2728423424	603083846	185563074	46584	45330	789584513	7707	17579	1398	/scratch1/btsheal/work/63/8a67b627b187008549cf46d3706e89			16	18	213	929	19216	lr
b2/559781	28	2695365.pbs02	phase1_fg	kidney/kidney.0256/05	phase1_fg (kidney/kidney.0256/05)	COMPLETED	0			1	86400000			1	1623359326685	1623359421533	1623359571565	244880	148957		179.9	1.0	707518464	2661318656	848908288	2728427520	603082979	185562852	44657	45330	6860	7507	8386	1631	/scratch1/btsheal/work/b2/5597813fec04bb2d7f6eed3ff78698			16	17	216	929	19216	lr
d8/6760d1	34	2695384.pbs02	phase1_fg	kidney/kidney.0256/11	phase1_fg (kidney/kidney.0256/11)	COMPLETED	0			1	86400000			1	1623359405918	1623359441587	1623359591581	185663	149995		181.4	1.0	707063808	2661322752	848384000	2728431616	603082754	185562762	57890	45330	6725	7507	4196	1263	/scratch1/btsheal/work/d8/6760d13d4e5e70bca397a2e5f261d3			16	17	206	929	19216	lr
dc/ea287c	31	2695376.pbs02	phase1_fg	kidney/kidney.0256/08	phase1_fg (kidney/kidney.0256/08)	COMPLETED	0			1	86400000			1	1623359353119	1623359451571	1623359601570	248451	151159		181.2	1.1	710115328	2661318656	851533824	2728427520	603081984	185562575	55814	45330	6839	7307	4197	1174	/scratch1/btsheal/work/dc/ea287cc2552d3a92e8fa93b206c8b5			16	16	217	929	19216	lr
d0/0e20a4	33	2695383.pbs02	phase1_fg	kidney/kidney.0256/10	phase1_fg (kidney/kidney.0256/10)	COMPLETED	0			1	86400000			1	1623359392790	1623359461577	1623359606577	213787	144883		180.2	1.0	708427776	2661318656	849756160	2728427520	603080949	185562282	54460	45330	6794	7107	4196	1312	/scratch1/btsheal/work/d0/0e20a46ce84c1956a6341285a1926f			16	15	209	929	19216	lr
57/e18c47	32	2695379.pbs02	phase1_fg	kidney/kidney.0256/09	phase1_fg (kidney/kidney.0256/09)	COMPLETED	0			1	86400000			1	1623359379576	1623359476539	1623359611579	232003	136373		180.2	1.1	712462336	2661318656	852262912	2728427520	603082052	185562595	56517	45330	6869	7307	9205	1559	/scratch1/btsheal/work/57/e18c47c444c65e4e9c9e032fbc01be			16	16	218	929	19216	lr
66/96fe6d	39	2695392.pbs02	phase1_fg	kidney/kidney.0032/01	phase1_fg (kidney/kidney.0032/01)	COMPLETED	0			1	86400000			1	1623359484451	1623359581588	1623359621590	137139	42556		136.3	1.0	707043328	2661314560	848449536	2728423424	603062845	185556487	41905	45330	2846	4707	9197	340	/scratch1/btsheal/work/66/96fe6d9e9e234f0b469aee9ec03367			16	3	29	929	19216	lr
e0/3a729a	46	2695405.pbs02	phase1_fg	kidney/kidney.0032/07	phase1_fg (kidney/kidney.0032/07)	COMPLETED	0			1	86400000			1	1623359563106	1623359601642	1623359641606	78500	39920		135.2	1.0	708534272	2661318656	849719296	2728427520	603061600	185556110	45040	45330	2675	4507	4198	175	/scratch1/btsheal/work/e0/3a729a7c2eef027388088d02da9e6f			16	2	22	929	19216	lr
d4/2aa813	49	2695408.pbs02	phase1_fg	kidney/kidney.0032/10	phase1_fg (kidney/kidney.0032/10)	COMPLETED	0			1	86400000			1	1623359602483	1623359611651	1623359651608	49125	40941		135.7	1.0	708059136	2661314560	849514496	2728423424	603061610	185556114	53996	45330	2681	4507	4194	281	/scratch1/btsheal/work/d4/2aa81356a230b11531f1d876732543			16	2	24	929	19216	lr
03/a900af	44	2695400.pbs02	phase1_fg	kidney/kidney.0032/05	phase1_fg (kidney/kidney.0032/05)	COMPLETED	0			1	86400000			1	1623359523853	1623359621627	1623359656601	132748	38543		135.4	1.1	711675904	2661318656	852926464	2728427520	603061803	185556184	44425	45330	2786	4507	9202	226	/scratch1/btsheal/work/03/a900afd4631011f77efcf80ec317b8			16	2	28	929	19216	lr
26/2f5932	52	2695417.pbs02	phase1_fg	kidney/kidney.0032/13	phase1_fg (kidney/kidney.0032/13)	COMPLETED	0			1	86400000			1	1623359641761	1623359647915	1623359691615	49854	40373		134.9	1.0	708288512	2661314560	849698816	2728423424	603061735	185556164	57678	45330	2756	4507	4198	401	/scratch1/btsheal/work/26/2f5932f0acdaf994de491375fb795b			16	2	26	929	19216	lr
86/07df3f	41	2695389.pbs02	phase1_fg	kidney/kidney.0032/02	phase1_fg (kidney/kidney.0032/02)	COMPLETED	0			1	86400000			1	1623359471425	1623359661583	1623359701586	230161	44195		139.6	1.1	710848512	2661322752	851980288	2728431616	603061930	185556242	56323	45330	2873	4507	4202	251	/scratch1/btsheal/work/86/07df3f90ddfc9c2fa91bd068ff8047			16	2	32	929	19216	lr
02/672312	42	2695399.pbs02	phase1_fg	kidney/kidney.0032/03	phase1_fg (kidney/kidney.0032/03)	COMPLETED	0			1	86400000			1	1623359510676	1623359696591	1623359741597	230921	42458		136.5	1.0	708067328	2661318656	849461248	2728427520	603061565	185556096	46200	45330	2654	4507	4210	425	/scratch1/btsheal/work/02/67231242c6fa3ab49da9249445dfdb			16	2	23	929	19216	lr
8c/cff8c7	30	2695378.pbs02	phase1_fg	kidney/kidney.0256/07	phase1_fg (kidney/kidney.0256/07)	COMPLETED	0			1	86400000			1	1623359366499	1623359611568	1623359751578	385079	140516		179.7	1.0	707690496	2661318656	848900096	2728427520	603080794	185562220	45476	45330	6701	7107	4193	1071	/scratch1/btsheal/work/8c/cff8c78ab6e6e72228ff448b9f507e			16	15	205	929	19216	lr
33/4b8046	50	2695412.pbs02	phase1_fg	kidney/kidney.0032/11	phase1_fg (kidney/kidney.0032/11)	COMPLETED	0			1	86400000			1	1623359615708	1623359707897	1623359751638	135930	40919		134.7	1.1	709357568	2661318656	850616320	2728427520	603061750	185556170	54544	45330	2765	4507	8380	214	/scratch1/btsheal/work/33/4b8046dcc548660111062eb91320a5			16	2	28	929	19216	lr
6b/d78147	38	2695387.pbs02	phase1_fg	kidney/kidney.0256/15	phase1_fg (kidney/kidney.0256/15)	COMPLETED	0			1	86400000			1	1623359445379	1623359631575	1623359771584	326205	140804		179.6	1.0	707788800	2661318656	848932864	2728427520	603081299	185562301	52241	45330	6428	7307	4196	1428	/scratch1/btsheal/work/6b/d78147cafc24b848ae578db71ace2d			16	16	198	929	19216	lr
8d/e5a891	53	2695420.pbs02	phase1_fg	kidney/kidney.0032/14	phase1_fg (kidney/kidney.0032/14)	COMPLETED	0			1	86400000			1	1623359654807	1623359751668	1623359791613	136806	39537		134.0	1.1	709939200	2661314560	851353600	2728423424	603061660	185556134	54553	45330	2711	4507	4197	389	/scratch1/btsheal/work/8d/e5a891486df773294d20d35d591a31			16	2	24	929	19216	lr
66/e70f66	35	2695385.pbs02	phase1_fg	kidney/kidney.0256/12	phase1_fg (kidney/kidney.0256/12)	COMPLETED	0			1	86400000			1	1623359419214	1623359666572	1623359801580	382366	137883		180.4	1.1	712409088	2661318656	852369408	2728427520	603082182	185562647	44114	45330	6947	7307	4215	1256	/scratch1/btsheal/work/66/e70f66bda8d95c44aae4f409aee6a2			16	16	214	929	19216	lr
21/cfdc15	48	2695406.pbs02	phase1_fg	kidney/kidney.0032/09	phase1_fg (kidney/kidney.0032/09)	COMPLETED	0			1	86400000			1	1623359576358	1623359761594	1623359806595	230237	41563		137.2	1.1	711098368	2661314560	852316160	2728423424	603061925	185556240	44657	45330	2870	4507	4218	176	/scratch1/btsheal/work/21/cfdc153afd7f211676c9c153d9824a			16	2	32	929	19216	lr
34/c204fa	43	2695401.pbs02	phase1_fg	kidney/kidney.0032/04	phase1_fg (kidney/kidney.0032/04)	COMPLETED	0			1	86400000			1	1623359536915	1623359781588	1623359827985	291070	44332		140.7	1.0	708378624	2661314560	849788928	2728423424	603061895	185556228	51853	45330	2852	4507	4195	257	/scratch1/btsheal/work/34/c204fadf4d9ec4e291431deba4f856			16	2	32	929	19216	lr
d8/965641	51	2695416.pbs02	phase1_fg	kidney/kidney.0032/12	phase1_fg (kidney/kidney.0032/12)	COMPLETED	0			1	86400000			1	1623359628739	1623359816593	1623359856632	227893	38941		133.6	1.1	711237632	2661314560	852295680	2728423424	603061571	185556102	50296	45330	2663	4507	9202	307	/scratch1/btsheal/work/d8/965641021b4b86a483e76907a47210			16	2	24	929	19216	lr
89/5542f7	47	2695407.pbs02	phase1_fg	kidney/kidney.0032/08	phase1_fg (kidney/kidney.0032/08)	COMPLETED	0			1	86400000			1	1623359589412	1623359836590	1623359871628	282216	35041		122.0	1.0	694853632	2645114880	834400256	2712223744	603060505	185555793	51386	45330	2594	4307	8384	300	/scratch1/btsheal/work/89/5542f7b78cf2a433a59ccf5b4fbebb			16	1	21	929	19216	lr
96/d0a916	36	2695386.pbs02	phase1_fg	kidney/kidney.0256/13	phase1_fg (kidney/kidney.0256/13)	COMPLETED	0			1	86400000			1	1623359432324	1623359796577	1623359951619	519295	153724		180.9	1.1	709599232	2661314560	850804736	2728423424	603082259	185562685	57982	45330	7004	7307	4199	1166	/scratch1/btsheal/work/96/d0a91613ebef5811000f9848ba94d1			16	16	226	929	19216	lr
2e/97eb96	57	2695427.pbs02	phase1_fg	kidney/kidney.1024/01	phase1_fg (kidney/kidney.1024/01)	COMPLETED	0			1	86400000			1	1623359694439	1623359761612	1623360291688	597249	532797		192.8	1.1	709697536	2661314560	849788928	2728423424	603153531	185585265	47984	45330	21542	17107	4224	4874	/scratch1/btsheal/work/2e/97eb96df96ee15d4ebf9136346b27c			16	65	880	929	19216	lr
87/ea7b28	61	2695462.pbs02	phase1_fg	kidney/kidney.1024/06	phase1_fg (kidney/kidney.1024/06)	COMPLETED	0			1	86400000			1	1623359746926	1623359811609	1623360321693	574767	509982		192.6	1.1	709971968	2661318656	849633280	2728427520	603146835	185583312	45266	45330	20981	15907	4195	4572	/scratch1/btsheal/work/87/ea7b2882e0ee6ad66210cf15feabf4			16	59	874	929	19216	lr
48/2d1eaa	66	2695474.pbs02	phase1_fg	kidney/kidney.1024/11	phase1_fg (kidney/kidney.1024/11)	COMPLETED	0			1	86400000			1	1623359825738	1623359861655	1623360346715	520977	483071		192.9	1.1	712900608	2661314560	852439040	2728423424	603149991	185584215	55882	45330	21152	16507	4199	4322	/scratch1/btsheal/work/48/2d1eaa17368c7ecaf55a3378425cf6			16	62	883	929	19216	lr
a4/86e6e2	65	2695471.pbs02	phase1_fg	kidney/kidney.1024/10	phase1_fg (kidney/kidney.1024/10)	COMPLETED	0			1	86400000			1	1623359812618	1623359881655	1623360415110	602492	533071		192.7	1.1	709427200	2661314560	850542592	2728423424	603156226	185585980	56036	45330	21431	17707	4200	6242	/scratch1/btsheal/work/a4/86e6e229bc6d9631513eec42fab9be			16	68	876	929	19216	lr
fe/419fca	69	2695480.pbs02	phase1_fg	kidney/kidney.1024/14	phase1_fg (kidney/kidney.1024/14)	COMPLETED	0			1	86400000			1	1623359865016	1623359961663	1623360485143	620127	523484		192.6	1.0	707727360	2661314560	849178624	2728423424	603154076	185585362	50243	45330	21293	17307	8389	6231	/scratch1/btsheal/work/fe/419fca51c7da950cb5a9c3609054fc			16	66	876	929	19216	lr
ff/6d3665	87	2695805.pbs02	phase1_fg	kidney/kidney.0128/00	phase1_fg (kidney/kidney.0128/00)	COMPLETED	0			1	86400000			1	1623360115820	1623360410161	1623360491966	376146	83669		167.2	1.0	707567616	2661318656	848846848	2728427520	603069728	185558759	42145	45330	4670	5507	9291	597	/scratch1/btsheal/work/ff/6d3665d1169a247820208aa208f24f			16	7	117	929	19216	lr
d2/516f44	71	2695484.pbs02	phase1_fg	kidney/kidney.0064/00	phase1_fg (kidney/kidney.0064/00)	COMPLETED	0			1	86400000			1	1623359904381	1623360535142	1623360600148	695767	61689		156.7	1.1	712142848	2661314560	853172224	2728423424	603065866	185557457	56029	45330	3512	5107	9210	335	/scratch1/btsheal/work/d2/516f44802cf9c63b277907f1db9af6			16	5	60	929	19216	lr
34/51eb15	94	2696130.pbs02	phase1_fg	kidney/kidney.0128/07	phase1_fg (kidney/kidney.0128/07)	COMPLETED	0			1	86400000			1	1623360196000	1623360695216	1623360785261	589261	88893		169.4	1.0	707440640	2661314560	848805888	2728423424	603071443	185559203	49655	45330	4547	5907	9204	654	/scratch1/btsheal/work/34/51eb151089cc7ccee6dea4fe6c07b8			16	9	112	929	19216	lr
49/1a53d9	29	2695372.pbs02	phase1_fg	kidney/kidney.0256/06	phase1_fg (kidney/kidney.0256/06)	COMPLETED	0			1	86400000			1	1623359339985	1623360655107	1623360800155	1460170	146520		180.6	1.1	710942720	2661318656	852348928	2728427520	603082135	185562639	58756	45330	6935	7307	4212	1203	/scratch1/btsheal/work/49/1a53d958211ad19ac7dd085495419f			16	16	214	929	19216	lr
65/082d14	82	2695508.pbs02	phase1_fg	kidney/kidney.0064/11	phase1_fg (kidney/kidney.0064/11)	COMPLETED	0			1	86400000			1	1623360022851	1623360830223	1623360885222	862371	56106		152.5	1.0	707018752	2661318656	848412672	2728427520	603064515	185557034	56596	45330	3272	4907	4275	442	/scratch1/btsheal/work/65/082d14fe5b7900cd087120aed5f170			16	4	51	929	19216	lr
9b/82b15e	63	2695469.pbs02	phase1_fg	kidney/kidney.1024/08	phase1_fg (kidney/kidney.1024/08)	COMPLETED	0			1	86400000			1	1623359786445	1623360410095	1623360895189	1108744	484777		192.7	1.0	694804480	2645114880	833372160	2712223744	603150470	185584403	57516	45330	21434	16507	4247	5273	/scratch1/btsheal/work/9b/82b15e1db8532280b693a68a9763ed			16	62	894	929	19216	lr
d2/3c1569	67	2695475.pbs02	phase1_fg	kidney/kidney.1024/12	phase1_fg (kidney/kidney.1024/12)	COMPLETED	0			1	86400000			1	1623359838854	1623360410106	1623360935194	1096340	521733		192.9	1.1	712273920	2661314560	853213184	2728423424	603157217	185586259	46735	45330	21455	17907	9212	6145	/scratch1/btsheal/work/d2/3c1569de717c446de7fc0318b36b66			16	69	880	929	19216	lr
f9/79d0ce	103	2696684.pbs02	phase1_fg	kidney/kidney.0512/00	phase1_fg (kidney/kidney.0512/00)	COMPLETED	0			1	86400000			1	1623360428869	1623360650227	1623360935311	506442	284276		188.6	1.1	711294976	2661314560	852676608	2728423424	603108726	185570976	43825	45330	11945	11107	4216	2236	/scratch1/btsheal/work/f9/79d0ce55361a895039018391021017			16	35	446	929	19216	lr
3f/6d8ba3	79	2695504.pbs02	phase1_fg	kidney/kidney.0064/08	phase1_fg (kidney/kidney.0064/08)	COMPLETED	0			1	86400000			1	1623359996376	1623360913354	1623360971569	975193	58371		155.0	1.0	707514368	2661314560	848773120	2728423424	603064910	185557192	43606	45330	3509	4907	4205	357	/scratch1/btsheal/work/3f/6d8ba3af44d3c518353dc4e15f0ffa			16	4	63	929	19216	lr
82/d9a7ee	37	2695388.pbs02	phase1_fg	kidney/kidney.0256/14	phase1_fg (kidney/kidney.0256/14)	COMPLETED	0			1	86400000			1	1623359458394	1623360830151	1623360975161	1516767	144314		180.1	1.1	710250496	2661318656	851464192	2728427520	603080199	185562103	48187	45330	6920	6907	9292	1222	/scratch1/btsheal/work/82/d9a7ee34cc3ef033b986f869f20eb3			16	14	215	929	19216	lr
63/544d64	40	2695396.pbs02	phase1_fg	kidney/kidney.0032/00	phase1_fg (kidney/kidney.0032/00)	COMPLETED	0			1	86400000			1	1623359497553	1623360985154	1623361030164	1532611	41274		135.1	1.1	710344704	2661318656	851640320	2728427520	603061795	185556188	45763	45330	2792	4507	8529	187	/scratch1/btsheal/work/63/544d64ee85c56f1fc9a4506e7811e7			16	2	28	929	19216	lr
7d/e2e197	106	2697045.pbs02	phase1_fg	kidney/kidney.0512/03	phase1_fg (kidney/kidney.0512/03)	COMPLETED	0			1	86400000			1	1623360824267	1623360955278	1623361211686	387419	254329		186.6	0.5	711303168	2661314560	852602880	2728423424	603106598	185570360	54511	45330	789528089	10707	17548	3113	/scratch1/btsheal/work/7d/e2e1976387cf1fe00536426343ab08			16	33	445	929	19216	lr
ba/6041de	109	2697051.pbs02	phase1_fg	kidney/kidney.0512/06	phase1_fg (kidney/kidney.0512/06)	COMPLETED	0			1	86400000			1	1623360908753	1623360945287	1623361211722	302969	265586		187.8	1.0	707706880	2661318656	849031168	2728427520	603104405	185569728	48030	45330	11651	10307	4201	2317	/scratch1/btsheal/work/ba/6041defe4e056d84d2ad2a6cc3b4cd			16	31	445	929	19216	lr
32/728572	58	2695434.pbs02	phase1_fg	kidney/kidney.1024/03	phase1_fg (kidney/kidney.1024/03)	COMPLETED	0			1	86400000			1	1623359720575	1623360900173	1623361410253	1689678	512369		192.8	1.1	711143424	2661314560	850968576	2728423424	603150625	185584344	56534	45330	20951	16707	4200	4601	/scratch1/btsheal/work/32/7285726a73aec5e12f63ca5cbbe384			16	63	862	929	19216	lr
d7/adb30c	45	2695402.pbs02	phase1_fg	kidney/kidney.0032/06	phase1_fg (kidney/kidney.0032/06)	COMPLETED	0			1	86400000			1	1623359550028	1623361425237	1623361470242	1920214	43883		136.1	1.1	709255168	2661314560	850452480	2728423424	603061660	185556134	51223	45330	2711	4507	9199	203	/scratch1/btsheal/work/d7/adb30cdde43b9f5a293e7f4170a472			16	2	24	929	19216	lr
6b/86a699	55	2695423.pbs02	phase1_fg	kidney/kidney.1024/02	phase1_fg (kidney/kidney.1024/02)	COMPLETED	0			1	86400000			1	1623359680991	1623360990164	1623361480246	1799255	493381		192.3	1.0	708247552	2661314560	848556032	2728423424	603148125	185583707	45326	45330	21179	16107	4312	4211	/scratch1/btsheal/work/6b/86a6998c33e2335bba8dcced9119cb			16	60	859	929	19216	lr
a6/7c826e	54	2695422.pbs02	phase1_fg	kidney/kidney.0032/15	phase1_fg (kidney/kidney.0032/15)	COMPLETED	0			1	86400000			1	1623359667878	1623361485235	1623361525244	1857366	40803		136.7	1.1	709677056	2661314560	851038208	2728423424	603061705	185556152	47640	45330	2738	4507	4190	213	/scratch1/btsheal/work/a6/7c826e68b754d9da5e629417649eed			16	2	25	929	19216	lr
bd/8c013a	73	2695483.pbs02	phase1_fg	kidney/kidney.0064/01	phase1_fg (kidney/kidney.0064/01)	COMPLETED	0			1	86400000			1	1623359891296	1623361500257	1623361560262	1668966	58435		153.3	1.0	707674112	2661314560	849166336	2728423424	603065645	185557365	54950	45330	3374	5107	4202	594	/scratch1/btsheal/work/bd/8c013a71b9b526a73d4198f1cc8630			16	5	55	929	19216	lr
aa/43a436	56	2695429.pbs02	phase1_fg	kidney/kidney.1024/00	phase1_fg (kidney/kidney.1024/00)	COMPLETED	0			1	86400000			1	1623359707524	1623361050172	1623361600245	1892721	548751		192.8	1.0	695971840	2645114880	834682880	2712223744	603153302	185585173	47397	45330	21404	17107	4201	5516	/scratch1/btsheal/work/aa/43a43675b6778e4019bc853668c85c			16	65	898	929	19216	lr
6a/a3c3ca	72	2695492.pbs02	phase1_fg	kidney/kidney.0064/02	phase1_fg (kidney/kidney.0064/02)	COMPLETED	0			1	86400000			1	1623359917463	1623361620254	1623361680290	1762827	59333		154.3	1.0	693497856	2645114880	833257472	2712223744	603064715	185557114	47771	45330	3392	4907	4199	548	/scratch1/btsheal/work/6a/a3c3ca0163b8eacde49813b8452578			16	4	53	929	19216	lr
7a/94418e	64	2695470.pbs02	phase1_fg	kidney/kidney.1024/09	phase1_fg (kidney/kidney.1024/09)	COMPLETED	0			1	86400000			1	1623359799448	1623361230220	1623361715289	1915841	485449		192.1	0.5	712421376	2661318656	852553728	2728427520	603153616	185585178	54660	45330	789598739	17307	17537	5942	/scratch1/btsheal/work/7a/94418e4c5afda4a8ad2c4ee2a36ef2			16	66	863	929	19216	lr
44/0865c5	60	2695468.pbs02	phase1_fg	kidney/kidney.1024/04	phase1_fg (kidney/kidney.1024/04)	COMPLETED	0			1	86400000			1	1623359773178	1623361230215	1623361755290	1982112	528728		192.6	1.0	708935680	2661318656	848969728	2728427520	603153131	185585105	57605	45330	21302	17107	9207	4441	/scratch1/btsheal/work/44/0865c5e97ffeee5ed1d71e31034a62			16	65	882	929	19216	lr
ce/cc44c9	74	2695495.pbs02	phase1_fg	kidney/kidney.0064/03	phase1_fg (kidney/kidney.0064/03)	COMPLETED	0			1	86400000			1	1623359930502	1623361770291	1623361830294	1899792	56700		151.7	1.1	710918144	2661314560	852070400	2728423424	603063840	185556885	52876	45330	3443	4707	5907	384	/scratch1/btsheal/work/ce/cc44c9233ddd5bcb9b6bb04baed6ce			16	3	60	929	19216	lr
5f/eba6bd	112	2697057.pbs02	phase1_fg	kidney/kidney.0512/09	phase1_fg (kidney/kidney.0512/09)	COMPLETED	0			1	86400000			1	1623360969581	1623361725374	1623361980394	1010813	254880		188.5	1.1	712331264	2661314560	852721664	2728423424	603104736	185569864	43617	45330	11855	10307	9202	2255	/scratch1/btsheal/work/5f/eba6bd55593f8f6b39a46448387162			16	31	441	929	19216	lr
31/46fa8c	75	2695496.pbs02	phase1_fg	kidney/kidney.0064/05	phase1_fg (kidney/kidney.0064/05)	COMPLETED	0			1	86400000			1	1623359943759	1623361995335	1623362051623	2107864	51330		151.4	1.1	711188480	2661318656	852275200	2728427520	603064591	185557068	49312	45330	3323	4907	9204	354	/scratch1/btsheal/work/31/46fa8c5e72905272c2c78d7b9ad0a0			16	4	54	929	19216	lr
3c/bb3642	59	2695447.pbs02	phase1_fg	kidney/kidney.1024/05	phase1_fg (kidney/kidney.1024/05)	COMPLETED	0			1	86400000			1	1623359733671	1623361545242	1623362060329	2326658	515677		192.6	1.1	709709824	2661318656	849854464	2728427520	603150421	185584383	56760	45330	21404	16507	4206	4381	/scratch1/btsheal/work/3c/bb3642f9d72a4872c3213f1f914a09			16	62	876	929	19216	lr
77/32e46b	62	2695467.pbs02	phase1_fg	kidney/kidney.1024/07	phase1_fg (kidney/kidney.1024/07)	COMPLETED	0			1	86400000			1	1623359760020	1623361571574	1623362095331	2335311	518101		192.5	1.0	708288512	2661314560	849657856	2728423424	603153155	185585114	62691	45330	21317	17107	8388	4598	/scratch1/btsheal/work/77/32e46bdebf8265f9a94c6109fa00aa			16	65	867	929	19216	lr
df/44cb32	78	2695503.pbs02	phase1_fg	kidney/kidney.0064/07	phase1_fg (kidney/kidney.0064/07)	COMPLETED	0			1	86400000			1	1623359982972	1623362070338	1623362120341	2137369	49067		149.3	1.1	710959104	2661318656	852164608	2728427520	603064431	185557004	41965	45330	3227	4907	4197	290	/scratch1/btsheal/work/df/44cb324d72632fa178e0c3c25771ea			16	4	48	929	19216	lr
86/3d1597	76	2695499.pbs02	phase1_fg	kidney/kidney.0064/04	phase1_fg (kidney/kidney.0064/04)	COMPLETED	0			1	86400000			1	1623359956893	1623362070332	1623362125336	2168443	52943		147.9	1.0	708829184	2661314560	850280448	2728423424	603063345	185556687	50079	45330	3146	4707	9203	315	/scratch1/btsheal/work/86/3d1597a81f189a555ceb1a750499d7			16	3	46	929	19216	lr
b7/e54c6d	80	2695507.pbs02	phase1_fg	kidney/kidney.0064/09	phase1_fg (kidney/kidney.0064/09)	COMPLETED	0			1	86400000			1	1623360009638	1623362130334	1623362180343	2170705	51585		152.4	1.1	711491584	2661318656	852713472	2728427520	603064831	185557164	55869	45330	3467	4907	8389	264	/scratch1/btsheal/work/b7/e54c6d2d1c859c1dd7e7cb0b047740			16	4	60	929	19216	lr
e9/dd9815	68	2695479.pbs02	phase1_fg	kidney/kidney.1024/13	phase1_fg (kidney/kidney.1024/13)	COMPLETED	0			1	86400000			1	1623359851922	1623361691725	1623362210334	2358412	513706		192.3	1.0	708419584	2661314560	849584128	2728423424	603151005	185584496	60017	45330	21179	16707	6680	4731	/scratch1/btsheal/work/e9/dd9815771729ae1b5480f69b687b0f			16	63	857	929	19216	lr
84/addedb	83	2695526.pbs02	phase1_fg	kidney/kidney.0064/12	phase1_fg (kidney/kidney.0064/12)	COMPLETED	0			1	86400000			1	1623360049873	1623362190337	1623362245345	2195472	54953		155.5	1.1	711319552	2661318656	852668416	2728427520	603064941	185557208	43868	45330	3533	4907	4200	382	/scratch1/btsheal/work/84/addedbf9f396b0748d245b8f748d6d			16	4	62	929	19216	lr
ff/4bc548	84	2695636.pbs02	phase1_fg	kidney/kidney.0064/13	phase1_fg (kidney/kidney.0064/13)	COMPLETED	0			1	86400000			1	1623360076303	1623362220335	1623362280382	2204079	56712		150.6	1.0	708882432	2661318656	850300928	2728427520	603064375	185556978	47883	45330	3188	4907	8397	327	/scratch1/btsheal/work/ff/4bc548babe868a11847afd2700fc45			16	4	45	929	19216	lr
c8/56c996	77	2695500.pbs02	phase1_fg	kidney/kidney.0064/06	phase1_fg (kidney/kidney.0064/06)	COMPLETED	0			1	86400000			1	1623359969848	1623362265367	1623362325375	2355527	58081		156.6	1.1	711192576	2661318656	852344832	2728427520	603066911	185557754	45631	45330	3563	5307	8388	482	/scratch1/btsheal/work/c8/56c996dba3555a3741a0edfcff105e			16	6	60	929	19216	lr
0b/960f41	81	2695512.pbs02	phase1_fg	kidney/kidney.0064/10	phase1_fg (kidney/kidney.0064/10)	COMPLETED	0			1	86400000			1	1623360035929	1623362291873	1623362345372	2309443	49746		145.9	1.0	694947840	2645114880	834293760	2712223744	603063445	185556727	48382	45330	3206	4707	4200	259	/scratch1/btsheal/work/0b/960f412c8a3e0f9d39a54d2d908fb2			16	3	47	929	19216	lr
d0/c0ef4f	70	2695482.pbs02	phase1_fg	kidney/kidney.1024/15	phase1_fg (kidney/kidney.1024/15)	COMPLETED	0			1	86400000			1	1623359878126	1623361845289	1623362365371	2487245	520081		192.6	1.1	710078464	2661318656	850321408	2728427520	603151636	185584628	46984	45330	20981	16907	6679	5093	/scratch1/btsheal/work/d0/c0ef4fc730c85cc14626d2b03c227b			16	64	846	929	19216	lr
fe/08d4e1	107	2697032.pbs02	phase1_fg	kidney/kidney.0512/04	phase1_fg (kidney/kidney.0512/04)	COMPLETED	0			1	86400000			1	1623360623604	1623362105399	1623362375425	1751821	273460		188.4	1.1	710250496	2661314560	851546112	2728423424	603103630	185569539	53989	45330	11762	10107	4201	2270	/scratch1/btsheal/work/fe/08d4e16414dd336d65115f109dacf9			16	30	430	929	19216	lr
93/95495e	88	2695746.pbs02	phase1_fg	kidney/kidney.0128/01	phase1_fg (kidney/kidney.0128/01)	COMPLETED	0			1	86400000			1	1623360102589	1623362340375	1623362415383	2312794	75586		167.2	1.1	711184384	2661318656	852312064	2728427520	603069684	185558745	48139	45330	4649	5507	4198	556	/scratch1/btsheal/work/93/95495e24d5554a9626cba16c1fb16d			16	7	114	929	19216	lr
49/74f09e	118	2697130.pbs02	phase1_fg	kidney/kidney.0512/15	phase1_fg (kidney/kidney.0512/15)	COMPLETED	0			1	86400000			1	1623361437911	1623362135429	1623362430439	992528	293256		189.0	1.0	694800384	2645123072	834113536	2712231936	603108420	185570850	59916	45330	11756	11107	4194	2499	/scratch1/btsheal/work/49/74f09e12e5c7a5c9247545cdbd3efc			16	35	444	929	19216	lr
70/05e93a	85	2695580.pbs02	phase1_fg	kidney/kidney.0064/14	phase1_fg (kidney/kidney.0064/14)	COMPLETED	0			1	86400000			1	1623360063136	1623362385368	1623362440375	2377239	53452		150.3	1.0	707596288	2661318656	849027072	2728427520	603064570	185557056	43832	45330	3305	4907	4228	299	/scratch1/btsheal/work/70/05e93a6ca8fe2462e2acb31d35ebaf			16	4	50	929	19216	lr
69/8c8f2d	86	2695690.pbs02	phase1_fg	kidney/kidney.0064/15	phase1_fg (kidney/kidney.0064/15)	COMPLETED	0			1	86400000			1	1623360089548	1623362385373	1623362440404	2350856	53072		149.9	1.0	709255168	2661314560	850599936	2728423424	603063615	185556795	53122	45330	3308	4707	4233	358	/scratch1/btsheal/work/69/8c8f2d8eff94bd60beb614a8ab6ebf			16	3	51	929	19216	lr
76/ba9482	89	2695860.pbs02	phase1_fg	kidney/kidney.0128/02	phase1_fg (kidney/kidney.0128/02)	COMPLETED	0			1	86400000			1	1623360128910	1623362370375	1623362460374	2331464	88378		169.2	1.0	691986432	2645123072	831750144	2712231936	603070568	185558974	56130	45330	4598	5707	8387	639	/scratch1/btsheal/work/76/ba94821bc1c2344580f7cf548f68d8			16	8	112	929	19216	lr
5d/24d301	90	2695916.pbs02	phase1_fg	kidney/kidney.0128/03	phase1_fg (kidney/kidney.0128/03)	COMPLETED	0			1	86400000			1	1623360142066	1623362430378	1623362520377	2378311	87869		171.0	1.1	711622656	2661318656	852865024	2728427520	603071994	185559427	54638	45330	4883	5907	8389	649	/scratch1/btsheal/work/5d/24d301f7c4677770fd5d778167a2d8			16	9	123	929	19216	lr
9c/07ff6d	91	2695972.pbs02	phase1_fg	kidney/kidney.0128/04	phase1_fg (kidney/kidney.0128/04)	COMPLETED	0			1	86400000			1	1623360155147	1623362445377	1623362525381	2370234	80476		167.5	1.1	711184384	2661314560	851566592	2728423424	603069957	185558727	53822	45330	4232	5707	4196	561	/scratch1/btsheal/work/9c/07ff6dd509f5b5d3bf5a48357f5d32			16	8	92	929	19216	lr
2e/5695e8	95	2696141.pbs02	phase1_fg	kidney/kidney.0128/08	phase1_fg (kidney/kidney.0128/08)	COMPLETED	0			1	86400000			1	1623360223784	1623362460408	1623362545391	2321607	85410		168.4	1.0	708481024	2661314560	849805312	2728423424	603070683	185559020	50793	45330	4667	5707	4230	709	/scratch1/btsheal/work/2e/5695e86ab1edaf76e5abdc3056626d			16	8	113	929	19216	lr
e9/2e75ee	93	2696078.pbs02	phase1_fg	kidney/kidney.0128/06	phase1_fg (kidney/kidney.0128/06)	COMPLETED	0			1	86400000			1	1623360182970	1623362471691	1623362555407	2372437	80021		165.1	1.1	711008256	2661318656	852008960	2728427520	603068258	185558291	52150	45330	4364	5307	4202	717	/scratch1/btsheal/work/e9/2e75eeaefea2462fdd7737bdf35bb9			16	6	104	929	19216	lr
2c/33b9d9	92	2696029.pbs02	phase1_fg	kidney/kidney.0128/05	phase1_fg (kidney/kidney.0128/05)	COMPLETED	0			1	86400000			1	1623360169840	1623362460400	1623362560411	2390571	99431		172.7	1.0	691548160	2645118976	831082496	2712227840	603072153	185559487	48162	45330	4973	5907	4230	967	/scratch1/btsheal/work/2c/33b9d92c4ca6d286e313b543cbe7ae			16	9	129	929	19216	lr
26/0fa81d	96	2696144.pbs02	phase1_fg	kidney/kidney.0128/09	phase1_fg (kidney/kidney.0128/09)	COMPLETED	0			1	86400000			1	1623360236765	1623362540391	1623362615417	2378652	77160		167.8	1.1	712146944	2661314560	853237760	2728423424	603069509	185558675	48952	45330	4544	5507	4200	515	/scratch1/btsheal/work/26/0fa81d0f1ceff913a4955d89e14343			16	7	111	929	19216	lr
70/bf7315	97	2696140.pbs02	phase1_fg	kidney/kidney.0128/10	phase1_fg (kidney/kidney.0128/10)	COMPLETED	0			1	86400000			1	1623360210714	1623362540383	1623362625415	2414701	87471		168.6	1.1	711221248	2661314560	852045824	2728423424	603071888	185559381	59007	45330	4814	5907	8383	660	/scratch1/btsheal/work/70/bf7315828c9eee5507766e51e6dcae			16	9	115	929	19216	lr
b6/6bfda6	99	2696200.pbs02	phase1_fg	kidney/kidney.0128/11	phase1_fg (kidney/kidney.0128/11)	COMPLETED	0			1	86400000			1	1623360304811	1623362565419	1623362651851	2347040	83540		168.6	1.0	707518464	2661322752	849014784	2728431616	603069423	185558637	51965	45330	4487	5507	4246	606	/scratch1/btsheal/work/b6/6bfda69e535377ce9a714efbb6e5b0			16	7	111	929	19216	lr
ef/5bdfc6	101	2696323.pbs02	phase1_fg	kidney/kidney.0128/14	phase1_fg (kidney/kidney.0128/14)	COMPLETED	0			1	86400000			1	1623360334794	1623362565423	1623362651884	2317090	85509		168.4	1.0	707035136	2661318656	848363520	2728427520	603069198	185558546	43164	45330	4352	5507	4251	849	/scratch1/btsheal/work/ef/5bdfc6cfbdb001b21342819ef0c8c5			16	7	103	929	19216	lr
7e/4f1ec7	98	2696145.pbs02	phase1_fg	kidney/kidney.0128/12	phase1_fg (kidney/kidney.0128/12)	COMPLETED	0			1	86400000			1	1623360249725	1623362580411	1623362670416	2420691	89925		169.3	1.1	710221824	2661314560	851369984	2728423424	603073324	185559715	46665	45330	4523	6307	4198	672	/scratch1/btsheal/work/7e/4f1ec7f336e96c02a76b260c9cc180			16	11	105	929	19216	lr
6e/8b145a	102	2696424.pbs02	phase1_fg	kidney/kidney.0128/15	phase1_fg (kidney/kidney.0128/15)	COMPLETED	0			1	86400000			1	1623360359964	1623362625457	1623362700417	2340453	75358		167.0	1.1	710823936	2661314560	852131840	2728423424	603069404	185558632	42201	45330	4481	5507	8386	528	/scratch1/btsheal/work/6e/8b145a7097cf1605aefb0d638bed76			16	7	104	929	19216	lr
d5/cdd990	100	2696146.pbs02	phase1_fg	kidney/kidney.0128/13	phase1_fg (kidney/kidney.0128/13)	COMPLETED	0			1	86400000			1	1623360262692	1623362640412	1623362735419	2472727	93594		170.4	1.0	707555328	2661314560	848723968	2728423424	603072048	185559445	55910	45330	4910	5907	4201	808	/scratch1/btsheal/work/d5/cdd990489d04ae947214b5621e0544			16	9	121	929	19216	lr
63/70b643	110	2697052.pbs02	phase1_fg	kidney/kidney.0512/07	phase1_fg (kidney/kidney.0512/07)	COMPLETED	0			1	86400000			1	1623360921821	1623362670455	1623362940470	2018649	270129		188.3	1.0	707784704	2661318656	848994304	2728427520	603104895	185569924	52008	45330	11945	10307	4296	2099	/scratch1/btsheal/work/63/70b6430960b0c101fb0be6ddf06c76			16	31	447	929	19216	lr
2b/48daee	105	2697003.pbs02	phase1_fg	kidney/kidney.0512/02	phase1_fg (kidney/kidney.0512/02)	COMPLETED	0			1	86400000			1	1623360515840	1623362685423	1623362951735	2435895	266671		187.9	1.0	707686400	2661314560	849108992	2728423424	603104675	185569836	57652	45330	11813	10307	4207	2253	/scratch1/btsheal/work/2b/48daee6ff6171cf5aa3dae969fe676			16	31	435	929	19216	lr
2e/131c9d	104	2696973.pbs02	phase1_fg	kidney/kidney.0512/01	phase1_fg (kidney/kidney.0512/01)	COMPLETED	0			1	86400000			1	1623360498533	1623362670447	1623362955464	2456931	283874		188.6	1.1	713191424	2661314560	852221952	2728423424	603104905	185569928	63706	45330	11951	10307	8537	3106	/scratch1/btsheal/work/2e/131c9d14cfa7b3c7a2dc37c6288df8			16	31	457	929	19216	lr
81/28e5a6	108	2697043.pbs02	phase1_fg	kidney/kidney.0512/05	phase1_fg (kidney/kidney.0512/05)	COMPLETED	0			1	86400000			1	1623360811158	1623362711728	1623362965465	2154307	248221		188.3	1.1	711102464	2661318656	852422656	2728427520	603103976	185569681	51664	45330	11975	10107	4198	2184	/scratch1/btsheal/work/81/28e5a6cd755bcbfdb3c5e1c6c7d298			16	30	456	929	19216	lr
9f/6f5747	114	2697059.pbs02	phase1_fg	kidney/kidney.0512/11	phase1_fg (kidney/kidney.0512/11)	COMPLETED	0			1	86400000			1	1623360997917	1623362745431	1623363030473	2032556	283739		188.7	1.0	708734976	2661318656	850100224	2728427520	603107705	185570685	51062	45330	11903	10907	4206	2295	/scratch1/btsheal/work/9f/6f5747d929a310248a013c370efbad			16	34	452	929	19216	lr
49/7b1f50	113	2697058.pbs02	phase1_fg	kidney/kidney.0512/10	phase1_fg (kidney/kidney.0512/10)	COMPLETED	0			1	86400000			1	1623360984734	1623362970463	1623363245498	2260764	273183		188.5	1.1	711110656	2661314560	852262912	2728423424	603103845	185569625	58395	45330	11891	10107	4251	2265	/scratch1/btsheal/work/49/7b1f501e486247dfcdca8671c501e1			16	30	448	929	19216	lr
14/1b9a91	116	2697114.pbs02	phase1_fg	kidney/kidney.0512/13	phase1_fg (kidney/kidney.0512/13)	COMPLETED	0			1	86400000			1	1623361235896	1623362951780	1623363245542	2009646	290306		189.0	1.1	711766016	2661318656	851406848	2728427520	603107765	185570709	53738	45330	11939	10907	9204	2873	/scratch1/btsheal/work/14/1b9a9136968479eecb44a740439309			16	34	451	929	19216	lr
dc/f5bd34	111	2697054.pbs02	phase1_fg	kidney/kidney.0512/08	phase1_fg (kidney/kidney.0512/08)	COMPLETED	0			1	86400000			1	1623360951783	1623362970459	1623363255496	2303713	283743		188.5	1.1	711356416	2661314560	852434944	2728423424	603106245	185570222	50514	45330	11603	10707	4245	3526	/scratch1/btsheal/work/dc/f5bd34eff42d98807103b4b254ebf7			16	33	431	929	19216	lr
4a/381d6d	115	2697073.pbs02	phase1_fg	kidney/kidney.0512/12	phase1_fg (kidney/kidney.0512/12)	COMPLETED	0			1	86400000			1	1623361043360	1623363000468	1623363260496	2217136	258568		188.5	1.1	711458816	2661318656	852668416	2728427520	603107486	185570601	44129	45330	11777	10907	9200	2223	/scratch1/btsheal/work/4a/381d6d7f837b03ae5f405ff7b0f5cd			16	34	437	929	19216	lr
40/0eed25	117	2697115.pbs02	phase1_fg	kidney/kidney.0512/14	phase1_fg (kidney/kidney.0512/14)	COMPLETED	0			1	86400000			1	1623361251551	1623363073137	1623363320501	2068950	247938		186.9	1.0	693624832	2645118976	833372160	2712227840	603102460	185569192	59006	45330	11636	9907	4203	2314	/scratch1/btsheal/work/40/0eed255b247018c94d871e55fdb0bf			16	29	431	929	19216	lr
07/b91c9c	25	2692696.pbs02	phase1_fg	kidney/kidney.0032/02	phase1_fg (kidney/kidney.0032/02)	COMPLETED	0			1	86400000			1	1623354625413	1623354636722	1623354696731	71318	58273		155.8	1.1	710946816	2661318656	852135936	2728427520	603064885	185557159	56947	45330	3460	4907	4195	392	/scratch1/btsheal/work/07/b91c9c41cfa37f36dab2988644b5bf			8	4	60	929	19216	lr
5b/ed6f3c	17	2692687.pbs02	phase1_fg	kidney/kidney.1024/02	phase1_fg (kidney/kidney.1024/02)	COMPLETED	0			1	86400000			1	1623354533906	1623354566686	1623355476801	942895	909727		195.6	1.1	711835648	2661318656	852127744	2728427520	603244749	185614234	50830	45331	40528	29507	4247	5195	/scratch1/btsheal/work/5b/ed6f3c04751ffd75e872c67efea0fb			8	127	1758	929	19216	lr
fa/5db476	22	2692691.pbs02	phase1_fg	kidney/kidney.1024/07	phase1_fg (kidney/kidney.1024/07)	COMPLETED	0			1	86400000			1	1623354572981	1623354581690	1623355536838	963857	954959		195.7	1.1	712228864	2661314560	852111360	2728423424	603246909	185614735	69424	45331	40096	30107	4232	10315	/scratch1/btsheal/work/fa/5db4768e35da8c92461cdf1e9feb01			8	130	1722	929	19216	lr
f5/272395	21	2692690.pbs02	phase1_fg	kidney/kidney.1024/06	phase1_fg (kidney/kidney.1024/06)	COMPLETED	0			1	86400000			1	1623354559983	1623354566692	1623355541836	981853	976768		195.9	1.1	710938624	2661318656	852217856	2728427520	603249394	185615501	55029	45331	40456	30507	4208	5849	/scratch1/btsheal/work/f5/272395640ec86aa90898ed1c5ab501			8	132	1737	929	19216	lr
d1/ef875b	15	2692669.pbs02	phase1_fg	kidney/kidney.1024/00	phase1_fg (kidney/kidney.1024/00)	COMPLETED	0			1	86400000			1	1623354494069	1623354566675	1623355571824	1077755	1007142		195.9	1.1	711229440	2661314560	852287488	2728423424	603247999	185615183	55097	45331	40768	30107	4213	6964	/scratch1/btsheal/work/d1/ef875be6bf257d51edb31932bb6ffe			8	130	1778	929	19216	lr
01/d16ced	19	2692689.pbs02	phase1_fg	kidney/kidney.1024/04	phase1_fg (kidney/kidney.1024/04)	COMPLETED	0			1	86400000			1	1623354546909	1623354701710	1623355651835	1104926	950600		195.6	1.1	713125888	2661314560	852971520	2728423424	603245274	185614323	62698	45331	40267	29707	8386	6540	/scratch1/btsheal/work/01/d16ced86ec97d2c2921ba5b13b0da0			8	128	1757	929	19216	lr
8a/53ca02	51	2692769.pbs02	phase1_fg	kidney/kidney.0128/04	phase1_fg (kidney/kidney.0128/04)	COMPLETED	0			1	86400000			1	1623354966771	1623355541932	1623355686929	720158	142731		180.3	1.1	710811648	2661314560	852185088	2728423424	603081339	185562441	55104	45330	7033	7107	4202	1099	/scratch1/btsheal/work/8a/53ca02bd5240be4344325105160db8			8	15	224	929	19216	lr
a0/1ea3aa	26	2692698.pbs02	phase1_fg	kidney/kidney.0032/03	phase1_fg (kidney/kidney.0032/03)	COMPLETED	0			1	86400000			1	1623354638427	1623355698051	1623355751849	1113422	57337		153.3	1.1	711364608	2661314560	852377600	2728423424	603064400	185556991	49562	45330	3208	4907	4200	349	/scratch1/btsheal/work/a0/1ea3aa1a36b5558b5d668d7fe3b3de			8	4	46	929	19216	lr
46/ccdf12	36	2692718.pbs02	phase1_fg	kidney/kidney.0256/05	phase1_fg (kidney/kidney.0256/05)	COMPLETED	0			1	86400000			1	1623354756640	1623355518056	1623355781867	1025227	260446		188.3	1.1	710971392	2661314560	851968000	2728423424	603104840	185569784	57973	45330	11341	10507	9203	2300	/scratch1/btsheal/work/46/ccdf12405878393845dac35447362c			8	32	415	929	19216	lr
6d/39d2e5	24	2692695.pbs02	phase1_fg	kidney/kidney.0032/01	phase1_fg (kidney/kidney.0032/01)	COMPLETED	0			1	86400000			1	1623354612249	1623355758037	1623355818108	1205859	58930		154.4	1.1	711188480	2661314560	852422656	2728423424	603064635	185557085	52178	45330	3349	4907	4201	501	/scratch1/btsheal/work/6d/39d2e58babb0ba7e3196b960ff9598			8	4	55	929	19216	lr
8b/b93f12	27	2692705.pbs02	phase1_fg	kidney/kidney.0032/05	phase1_fg (kidney/kidney.0032/05)	COMPLETED	0			1	86400000			1	1623354651505	1623355826871	1623355886882	1235377	55963		152.4	1.1	711086080	2661318656	852377600	2728427520	603064500	185557031	55256	45330	3268	4907	4206	361	/scratch1/btsheal/work/8b/b93f12b53297261cc157b11683f169			8	4	52	929	19216	lr
62/48cec0	42	2692757.pbs02	phase1_fg	kidney/kidney.0064/03	phase1_fg (kidney/kidney.0064/03)	COMPLETED	0			1	86400000			1	1623354835756	1623355891910	1623355981913	1146157	91021		169.9	1.1	710987776	2661318656	852291584	2728427520	603072504	185559511	54661	45330	4612	6107	4201	679	/scratch1/btsheal/work/62/48cec02ae9893cc86929d00c05d646			8	10	108	929	19216	lr
b3/1a46fd	31	2692712.pbs02	phase1_fg	kidney/kidney.0256/00	phase1_fg (kidney/kidney.0256/00)	COMPLETED	0			1	86400000			1	1623354704263	1623355801882	1623356076895	1372632	274766		188.2	1.1	711168000	2661314560	852434944	2728423424	603106200	185570207	48005	45330	11581	10707	8386	2856	/scratch1/btsheal/work/b3/1a46fdb33bace72b8c0180a22f763a			8	33	430	929	19216	lr
8c/7fdcd1	61	2692781.pbs02	phase1_fg	kidney/kidney.0512/06	phase1_fg (kidney/kidney.0512/06)	COMPLETED	0			1	86400000			1	1623355085296	1623355666923	1623356216999	1131703	549730		192.9	1.1	712331264	2661318656	852049920	2728427520	603156397	185586051	59064	45330	21538	17707	9211	5129	/scratch1/btsheal/work/8c/7fdcd19a62789beaad2dccb0f8494f			8	68	888	929	19216	lr
cc/ca965f	37	2692721.pbs02	phase1_fg	kidney/kidney.0256/06	phase1_fg (kidney/kidney.0256/06)	COMPLETED	0			1	86400000			1	1623354783024	1623355991899	1623356266950	1483926	278447		188.0	1.1	710701056	2661314560	851955712	2728423424	603105560	185570072	62173	45330	11773	10507	8391	2514	/scratch1/btsheal/work/cc/ca965f97d41860eecf5651a69c7620			8	32	440	929	19216	lr
01/1ba63f	33	2692714.pbs02	phase1_fg	kidney/kidney.0256/02	phase1_fg (kidney/kidney.0256/02)	COMPLETED	0			1	86400000			1	1623354730407	1623356091908	1623356358218	1627811	264227		188.0	1.1	710938624	2661318656	852340736	2728427520	603106305	185570249	62397	45330	11644	10707	4201	2357	/scratch1/btsheal/work/01/1ba63f845523616e4c9c68c68b92de			8	33	434	929	19216	lr
b2/708b67	16	2692686.pbs02	phase1_fg	kidney/kidney.1024/01	phase1_fg (kidney/kidney.1024/01)	COMPLETED	0			1	86400000			1	1623354520889	1623355578038	1623356506967	1986078	926413		195.5	1.0	696561664	2645114880	834027520	2712223744	603239914	185612798	52676	45330	39952	28707	4201	6554	/scratch1/btsheal/work/b2/708b675aa25e859179451716653c6b			8	123	1721	929	19216	lr
f0/9e6e8b	20	2692692.pbs02	phase1_fg	kidney/kidney.1024/05	phase1_fg (kidney/kidney.1024/05)	COMPLETED	0			1	86400000			1	1623354586129	1623355551827	1623356521966	1935837	968373		195.7	1.1	713412608	2661318656	852500480	2728427520	603247389	185614941	59533	45331	40405	30107	9203	5995	/scratch1/btsheal/work/f0/9e6e8b459ef6f61c4adf97c842faf3			8	130	1759	929	19216	lr
bf/cad7e6	35	2692719.pbs02	phase1_fg	kidney/kidney.0256/04	phase1_fg (kidney/kidney.0256/04)	COMPLETED	0			1	86400000			1	1623354769862	1623356276943	1623356551987	1782125	275089		188.4	1.1	711307264	2661318656	852516864	2728427520	603105155	185569910	54819	45330	11530	10507	4196	2521	/scratch1/btsheal/work/bf/cad7e653b3e63174d9b8563734d3c2			8	32	435	929	19216	lr
da/bc45df	38	2692727.pbs02	phase1_fg	kidney/kidney.0256/07	phase1_fg (kidney/kidney.0256/07)	COMPLETED	0			1	86400000			1	1623354796436	1623356361946	1623356626981	1830545	263066		187.7	1.1	711151616	2661318656	852230144	2728427520	603102635	185569144	52021	45330	11170	10107	8389	2446	/scratch1/btsheal/work/da/bc45df12e8ea6ec461be29caf770b4			8	30	413	929	19216	lr
5e/8a41a0	28	2692706.pbs02	phase1_fg	kidney/kidney.0032/04	phase1_fg (kidney/kidney.0032/04)	COMPLETED	0			1	86400000			1	1623354664567	1623356606966	1623356658324	1993757	48273		145.1	1.1	710664192	2661314560	852041728	2728423424	603063595	185556780	54910	45330	3286	4707	9323	270	/scratch1/btsheal/work/5e/8a41a03ec47448df4f0af3d537b372			8	3	53	929	19216	lr
69/94ddbc	45	2692761.pbs02	phase1_fg	kidney/kidney.0064/06	phase1_fg (kidney/kidney.0064/06)	COMPLETED	0			1	86400000			1	1623354874987	1623356606997	1623356692003	1817016	83783		168.3	1.1	711421952	2661314560	852504576	2728423424	603070494	185558936	42205	45330	4543	5707	4287	760	/scratch1/btsheal/work/69/94ddbc575b31267a10fb080c0726f9			8	8	107	929	19216	lr
94/5b12b6	29	2692708.pbs02	phase1_fg	kidney/kidney.0032/06	phase1_fg (kidney/kidney.0032/06)	COMPLETED	0			1	86400000			1	1623354677729	1623356701999	1623356752009	2074280	50779		150.6	1.1	711036928	2661318656	852459520	2728427520	603064480	185557013	53276	45330	3241	4907	4195	329	/scratch1/btsheal/work/94/5b12b6b94a26db38b967304c7dc984			8	4	50	929	19216	lr
f0/23256f	53	2692770.pbs02	phase1_fg	kidney/kidney.0128/06	phase1_fg (kidney/kidney.0128/06)	COMPLETED	0			1	86400000			1	1623354979834	1623356607019	1623356762043	1782209	158407		181.2	1.1	712007680	2661318656	852414464	2728427520	603086509	185563904	42926	45330	7255	8107	9204	1309	/scratch1/btsheal/work/f0/23256fa9459d3e9ddd5ec94e6ed017			8	20	226	929	19216	lr
7d/1acb6d	40	2692759.pbs02	phase1_fg	kidney/kidney.0064/02	phase1_fg (kidney/kidney.0064/02)	COMPLETED	0			1	86400000			1	1623354848934	1623356811777	1623356891783	2042849	78914		166.5	1.1	711213056	2661318656	852324352	2728427520	603069114	185558505	53547	45330	4291	5507	4274	580	/scratch1/btsheal/work/7d/1acb6d027dbcf05cd2fa118e53677c			8	7	100	929	19216	lr
a9/44ad50	39	2692756.pbs02	phase1_fg	kidney/kidney.0064/00	phase1_fg (kidney/kidney.0064/00)	COMPLETED	0			1	86400000			1	1623354822604	1623356903101	1623356991790	2169186	90689		171.0	1.1	711622656	2661314560	852779008	2728423424	603072690	185559576	48761	45330	4708	6107	4197	620	/scratch1/btsheal/work/a9/44ad505961c4527a9f0f87966aab53			8	10	115	929	19216	lr
d9/78ac68	32	2692713.pbs02	phase1_fg	kidney/kidney.0256/01	phase1_fg (kidney/kidney.0256/01)	COMPLETED	0			1	86400000			1	1623354717337	1623356811764	1623357071812	2354475	259562		188.0	1.0	695136256	2645114880	834809856	2712223744	603105935	185570091	45979	45330	11407	10707	8466	1956	/scratch1/btsheal/work/d9/78ac6887aa75b914dd015bdac7daa4			8	33	424	929	19216	lr
a5/4c7099	43	2692760.pbs02	phase1_fg	kidney/kidney.0064/04	phase1_fg (kidney/kidney.0064/04)	COMPLETED	0			1	86400000			1	1623354861986	1623356996799	1623357083092	2221106	85742		168.2	1.1	710828032	2661314560	852176896	2728423424	603070919	185559107	53624	45330	4798	5707	8387	678	/scratch1/btsheal/work/a5/4c70990f266aa0ddbaa7e9a416a302			8	8	123	929	19216	lr
f9/dca99e	18	2692676.pbs02	phase1_fg	kidney/kidney.1024/03	phase1_fg (kidney/kidney.1024/03)	COMPLETED	0			1	86400000			1	1623354507811	1623356221917	1623357211813	2704002	985068		195.5	1.1	712724480	2661318656	851935232	2728427520	603241129	185613173	55196	45330	40120	28907	9204	5970	/scratch1/btsheal/work/f9/dca99ea85f8bfc37a4eebc8955911b			8	124	1741	929	19216	lr
ed/c7a004	48	2692764.pbs02	phase1_fg	kidney/kidney.0128/02	phase1_fg (kidney/kidney.0128/02)	COMPLETED	0			1	86400000			1	1623354914229	1623357083123	1623357226832	2312603	145462		181.4	1.1	712404992	2661318656	852176896	2728427520	603083274	185562963	50805	45330	7027	7507	4195	2129	/scratch1/btsheal/work/ed/c7a004209f89fcae02b26075d41554			8	17	221	929	19216	lr
56/8dac93	49	2692766.pbs02	phase1_fg	kidney/kidney.0128/00	phase1_fg (kidney/kidney.0128/00)	COMPLETED	0			1	86400000			1	1623354927510	1623357091820	1623357226866	2299356	134145		180.0	1.1	711446528	2661318656	852520960	2728427520	603080585	185562250	54240	45330	7141	6907	4204	961	/scratch1/btsheal/work/56/8dac93fd79f684b85bf8bdedff7d27			8	14	231	929	19216	lr
c9/bd4d3e	60	2692784.pbs02	phase1_fg	kidney/kidney.0512/05	phase1_fg (kidney/kidney.0512/05)	COMPLETED	0			1	86400000			1	1623355098399	1623356702053	1623357226920	2128521	523951		192.8	1.1	713248768	2661318656	852807680	2728427520	603152686	185585051	65694	45330	21616	16907	4219	4876	/scratch1/btsheal/work/c9/bd4d3efb299589c8188c7e1cec9c90			8	64	900	929	19216	lr
f3/fa7b05	44	2692762.pbs02	phase1_fg	kidney/kidney.0064/05	phase1_fg (kidney/kidney.0064/05)	COMPLETED	0			1	86400000			1	1623354887982	1623357236822	1623357316860	2428878	80245		165.2	1.1	710692864	2661314560	852025344	2728423424	603069102	185558509	55774	45330	4300	5507	4209	799	/scratch1/btsheal/work/f3/fa7b0541f8150a9c332c6cf94d4197			8	7	98	929	19216	lr
f8/93876f	55	2692777.pbs02	phase1_fg	kidney/kidney.0512/00	phase1_fg (kidney/kidney.0512/00)	COMPLETED	0			1	86400000			1	1623355045502	1623356806806	1623357351886	2306384	543054		192.8	1.1	712495104	2661318656	852324352	2728427520	603154782	185585645	58005	45330	21718	17307	8386	5313	/scratch1/btsheal/work/f8/93876f1e37a267866d4273d200fe02			8	66	903	929	19216	lr
29/469580	54	2692772.pbs02	phase1_fg	kidney/kidney.0128/07	phase1_fg (kidney/kidney.0128/07)	COMPLETED	0			1	86400000			1	1623355006024	1623357236836	1623357371876	2365852	134597		179.4	1.1	711589888	2661318656	852832256	2728427520	603079774	185561926	53166	45330	6655	6907	9308	1146	/scratch1/btsheal/work/29/469580211fe636909eb3701fc0d8ed			8	14	207	929	19216	lr
ab/90d9b1	23	2692693.pbs02	phase1_fg	kidney/kidney.0032/00	phase1_fg (kidney/kidney.0032/00)	COMPLETED	0			1	86400000			1	1623354599200	1623357366846	1623357426857	2827657	58465		153.3	1.1	710733824	2661314560	852111360	2728423424	603065780	185557422	58553	45330	3460	5107	8385	396	/scratch1/btsheal/work/ab/90d9b152e905cdc84b7376f6edf6ab			8	5	57	929	19216	lr
80/3cae8a	50	2692768.pbs02	phase1_fg	kidney/kidney.0128/03	phase1_fg (kidney/kidney.0128/03)	COMPLETED	0			1	86400000			1	1623354953667	1623357331862	1623357476866	2523199	145293		180.2	1.1	711467008	2661318656	852529152	2728427520	603080839	185562241	57785	45330	6733	7107	4208	1389	/scratch1/btsheal/work/80/3cae8af63033042bf36fcfb45ba694			8	15	216	929	19216	lr
df/e43337	34	2692715.pbs02	phase1_fg	kidney/kidney.0256/03	phase1_fg (kidney/kidney.0256/03)	COMPLETED	0			1	86400000			1	1623354743440	1623357271812	1623357531865	2788425	260160		187.7	1.1	712122368	2661314560	852422656	2728423424	603104075	185569599	59911	45330	11458	10307	4197	2215	/scratch1/btsheal/work/df/e4333710ea0d73ff37b25cd8572bbb			8	31	419	929	19216	lr
f7/19fda6	47	2692767.pbs02	phase1_fg	kidney/kidney.0128/01	phase1_fg (kidney/kidney.0128/01)	COMPLETED	0			1	86400000			1	1623354940501	1623357383187	1623357536868	2596367	156223		181.5	1.1	711159808	2661318656	852078592	2728427520	603083734	185563147	44370	45330	7303	7507	9203	1330	/scratch1/btsheal/work/f7/19fda6b47c43fe8c342b8f4646c8fb			8	17	235	929	19216	lr
d6/62b283	30	2692710.pbs02	phase1_fg	kidney/kidney.0032/07	phase1_fg (kidney/kidney.0032/07)	COMPLETED	0			1	86400000			1	1623354691048	1623357486852	1623357541863	2850815	55887		150.1	1.1	710987776	2661314560	852058112	2728423424	603064505	185557033	44730	45330	3271	4907	8390	319	/scratch1/btsheal/work/d6/62b2834c3e31b8dfcab6c3bda0e61a			8	4	49	929	19216	lr
0d/e5e575	46	2692763.pbs02	phase1_fg	kidney/kidney.0064/07	phase1_fg (kidney/kidney.0064/07)	COMPLETED	0			1	86400000			1	1623354901103	1623357551862	1623357626887	2725784	76719		165.5	1.1	711278592	2661318656	852353024	2728427520	603069353	185558601	55250	45330	4435	5507	9201	519	/scratch1/btsheal/work/0d/e5e5752c495c4b0b94056dcb469bc9			8	7	101	929	19216	lr
fa/dd29ce	41	2692750.pbs02	phase1_fg	kidney/kidney.0064/01	phase1_fg (kidney/kidney.0064/01)	COMPLETED	0			1	86400000			1	1623354809430	1623357546859	1623357636887	2827457	89751		169.7	1.1	711254016	2661318656	852312064	2728427520	603069698	185558750	44415	45330	4657	5507	4195	1002	/scratch1/btsheal/work/fa/dd29ced4c823f9dbcdb821dad77841			8	7	113	929	19216	lr
b9/e02b9b	59	2692780.pbs02	phase1_fg	kidney/kidney.0512/04	phase1_fg (kidney/kidney.0512/04)	COMPLETED	0			1	86400000			1	1623355071648	1623357236851	1623357743378	2671730	504426		192.9	1.1	713207808	2661318656	853127168	2728427520	603152151	185584826	50118	45330	21280	16907	4300	4580	/scratch1/btsheal/work/b9/e02b9b3a23891657adea568de93c6c			8	64	872	929	19216	lr
90/30618a	52	2692771.pbs02	phase1_fg	kidney/kidney.0128/05	phase1_fg (kidney/kidney.0128/05)	COMPLETED	0			1	86400000			1	1623354992961	1623357756886	1623357896907	2903946	139813		179.7	1.1	711319552	2661318656	852631552	2728427520	603082475	185562764	53083	45330	7123	7307	9200	998	/scratch1/btsheal/work/90/30618a7dcca854c86bd21b281d7f74			8	16	226	929	19216	lr
1b/9fcf64	58	2692778.pbs02	phase1_fg	kidney/kidney.0512/03	phase1_fg (kidney/kidney.0512/03)	COMPLETED	0			1	86400000			1	1623355058494	1623357436875	1623357941918	2883424	504869		192.6	1.1	712413184	2661318656	852611072	2728427520	603150435	185584392	60923	45330	21418	16507	4195	4453	/scratch1/btsheal/work/1b/9fcf6427f47eacdf27396a1801eb1f			8	62	892	929	19216	lr
a7/a8ebae	56	2692775.pbs02	phase1_fg	kidney/kidney.0512/01	phase1_fg (kidney/kidney.0512/01)	COMPLETED	0			1	86400000			1	1623355032386	1623357563193	1623358071923	3039537	509065		192.6	1.1	712138752	2661314560	852418560	2728423424	603152385	185584930	53101	45330	21436	16907	4199	4599	/scratch1/btsheal/work/a7/a8ebae05ea9ef528fc0602928caa5e			8	64	880	929	19216	lr
89/82bcf3	57	2692773.pbs02	phase1_fg	kidney/kidney.0512/02	phase1_fg (kidney/kidney.0512/02)	COMPLETED	0			1	86400000			1	1623355019184	1623357636914	1623358116920	3097736	478658		192.6	1.1	712515584	2661314560	852643840	2728423424	603148775	185583960	46275	45330	21559	16107	4198	4529	/scratch1/btsheal/work/89/82bcf3450027071a5eb476a91bcebe			8	60	886	929	19216	lr
6d/be53b0	62	2692786.pbs02	phase1_fg	kidney/kidney.0512/07	phase1_fg (kidney/kidney.0512/07)	COMPLETED	0			1	86400000			1	1623355111557	1623357666897	1623358171926	3060369	503675		192.5	1.1	710852608	2661314560	852148224	2728423424	603152015	185584782	56176	45330	21214	16907	8391	4221	/scratch1/btsheal/work/6d/be53b04a94a69aaa783b49820a2e46			8	64	875	929	19216	lr
25/d12a60	15	2688724.pbs02	phase1_fg	kidney/kidney.0512/00	phase1_fg (kidney/kidney.0512/00)	COMPLETED	0			1	86400000			1	1623342618472	1623342620825	1623343581123	962651	953198		195.7	1.1	712142848	2661318656	853098496	2728427520	603248340	185615323	53257	45331	40978	30107	4192	13661	/scratch1/btsheal/work/25/d12a601306d9e290025f0245879e55			4	130	1783	929	19216	lr
66/62654e	33	2689275.pbs02	phase1_fg	kidney/kidney.0128/02	phase1_fg (kidney/kidney.0128/02)	COMPLETED	0			1	86400000			1	1623342859237	1623343585006	1623343835057	975820	248546		187.8	1.1	712318976	2661318656	852209664	2728427520	603104966	185569947	49241	45330	11980	10307	9203	2126	/scratch1/btsheal/work/66/62654e9471aed62fa4633cdb301af7			4	31	450	929	19216	lr
85/d45c10	20	2688733.pbs02	phase1_fg	kidney/kidney.0256/01	phase1_fg (kidney/kidney.0256/01)	COMPLETED	0			1	86400000			1	1623342697403	1623343845022	1623344315102	1617699	470102		192.2	1.1	711225344	2661318656	852250624	2728427520	603151556	185584590	58301	45330	20926	16907	9207	6931	/scratch1/btsheal/work/85/d45c105fd9d2d0a4b455b5dd6e0e28			4	64	853	929	19216	lr
49/aa961a	12	2688718.pbs02	phase1_fg	kidney/kidney.1024/01	phase1_fg (kidney/kidney.1024/01)	COMPLETED	0			1	86400000			1	1623342565630	1623342574853	1623344430086	1864456	1855628		197.2	1.1	713224192	2661314560	853147648	2728423424	603426991	185672142	64325	45331	78472	54307	4210	7415	/scratch1/btsheal/work/49/aa961a4a135a4d5dce77585e0b7540			4	251	3499	929	19216	lr
e6/25d243	14	2688723.pbs02	phase1_fg	kidney/kidney.1024/03	phase1_fg (kidney/kidney.1024/03)	COMPLETED	0			1	86400000			1	1623342605265	1623342609830	1623344430128	1824863	1819131		197.1	1.1	712519680	2661314560	852287488	2728423424	603437492	185674972	67043	45332	90664	56507	9216	11731	/scratch1/btsheal/work/e6/25d243d0cdadda9a5b248cacbd5081			4	262	3459	929	19216	lr
6a/34b6e6	30	2689081.pbs02	phase1_fg	kidney/kidney.0064/03	phase1_fg (kidney/kidney.0064/03)	COMPLETED	0			1	86400000			1	1623342817558	1623344325118	1623344465119	1647561	137882		179.4	1.1	710803456	2661318656	852008960	2728427520	603080975	185562287	42955	45330	6802	7107	9206	1434	/scratch1/btsheal/work/6a/34b6e6570dd39e49d48a727ac918f7			4	15	208	929	19216	lr
37/428dac	11	2688720.pbs02	phase1_fg	kidney/kidney.1024/00	phase1_fg (kidney/kidney.1024/00)	COMPLETED	0			1	86400000			1	1623342592039	1623342599829	1623344470087	1878048	1872186		197.2	1.0	696643584	2645118976	834564096	2712227840	603429032	185672716	71629	45331	78544	54707	4192	7459	/scratch1/btsheal/work/37/428dac8e2172cde5106be27e1229bb			4	253	3499	929	19216	lr
90/d2d957	13	2688719.pbs02	phase1_fg	kidney/kidney.1024/02	phase1_fg (kidney/kidney.1024/02)	COMPLETED	0			1	86400000			1	1623342578839	1623342584826	1623344500085	1921246	1915497		197.2	1.1	712425472	2661318656	852549632	2728427520	603433752	185673999	70231	45332	78496	55707	8385	9752	/scratch1/btsheal/work/90/d2d957ee2d261cabd9cae2019d31aa			4	258	3516	929	19216	lr
56/0d2a96	24	2688737.pbs02	phase1_fg	kidney/kidney.0032/01	phase1_fg (kidney/kidney.0032/01)	COMPLETED	0			1	86400000			1	1623342724644	1623344470129	1623344560131	1835487	86327		170.1	1.1	711688192	2661318656	852930560	2728427520	603070404	185558902	56485	45330	4492	5707	8380	636	/scratch1/btsheal/work/56/0d2a96c845911d75ec15fc8fd62d8e			4	8	106	929	19216	lr
bb/33a990	26	2688837.pbs02	phase1_fg	kidney/kidney.0032/03	phase1_fg (kidney/kidney.0032/03)	COMPLETED	0			1	86400000			1	1623342764307	1623344515113	1623344595140	1830833	80116		167.3	1.1	711196672	2661318656	852516864	2728427520	603070143	185558796	45074	45330	4336	5707	4198	658	/scratch1/btsheal/work/bb/33a990b0755879e5c8eb37b43839c1			4	8	99	929	19216	lr
74/638471	23	2688739.pbs02	phase1_fg	kidney/kidney.0032/00	phase1_fg (kidney/kidney.0032/00)	COMPLETED	0			1	86400000			1	1623342737752	1623344601331	1623344690145	1952393	87575		168.9	1.0	695222272	2645118976	834895872	2712227840	603071599	185559260	46459	45330	4633	5907	8393	933	/scratch1/btsheal/work/74/6384711b87a2aa02bd903ffb9b6304			4	9	112	929	19216	lr
b2/7fb40d	34	2689336.pbs02	phase1_fg	kidney/kidney.0128/03	phase1_fg (kidney/kidney.0128/03)	COMPLETED	0			1	86400000			1	1623342872617	1623344440132	1623344695160	1822543	256277		186.8	1.1	711143424	2661318656	852242432	2728427520	603107536	185570573	52742	45330	789511638	10907	17779	3373	/scratch1/btsheal/work/b2/7fb40d0db3364a9068ecb4306d9c59			4	34	433	929	19216	lr
98/b3237c	25	2688777.pbs02	phase1_fg	kidney/kidney.0032/02	phase1_fg (kidney/kidney.0032/02)	COMPLETED	0			1	86400000			1	1623342751094	1623344710141	1623344785151	2034057	73916		164.9	1.1	710578176	2661314560	851951616	2728423424	603069352	185558564	56450	45330	4378	5507	9205	851	/scratch1/btsheal/work/98/b3237ccde4135c2c754b717337253e			4	7	105	929	19216	lr
bc/77b9b0	19	2688730.pbs02	phase1_fg	kidney/kidney.0256/00	phase1_fg (kidney/kidney.0256/00)	COMPLETED	0			1	86400000			1	1623342671138	1623344570123	1623345065181	2394043	495068		192.7	1.1	711581696	2661318656	852725760	2728427520	603153286	185585040	45685	45330	20812	17307	4199	4340	/scratch1/btsheal/work/bc/77b9b09d4ccb87a513eab1f49c0980			4	66	854	929	19216	lr
94/abdbde	21	2688731.pbs02	phase1_fg	kidney/kidney.0256/02	phase1_fg (kidney/kidney.0256/02)	COMPLETED	0			1	86400000			1	1623342684243	1623344700132	1623345190216	2505973	486513		192.7	1.0	694607872	2645118976	834166784	2712227840	603151171	185584436	60668	45330	20695	16907	4207	4821	/scratch1/btsheal/work/94/abdbde9a19aa3c4dff391956f844e0			4	64	850	929	19216	lr
de/8875cc	32	2689205.pbs02	phase1_fg	kidney/kidney.0128/01	phase1_fg (kidney/kidney.0128/01)	COMPLETED	0			1	86400000			1	1623342844154	1623345075194	1623345335239	2491085	260128		187.8	1.1	711622656	2661314560	852070400	2728423424	603105266	185569946	46146	45330	11584	10507	9204	3862	/scratch1/btsheal/work/de/8875cc48400470576594b6a03a14a3			4	32	437	929	19216	lr
8e/22a7e9	29	2688959.pbs02	phase1_fg	kidney/kidney.0064/02	phase1_fg (kidney/kidney.0064/02)	COMPLETED	0			1	86400000			1	1623342790864	1623345201353	1623345340224	2549360	139163		179.6	1.1	711360512	2661318656	852439040	2728427520	603081175	185562367	52385	45330	6922	7107	9208	1387	/scratch1/btsheal/work/8e/22a7e9ba27cc7373f3c46d6136278c			4	15	221	929	19216	lr
95/8f0b79	16	2688725.pbs02	phase1_fg	kidney/kidney.0512/01	phase1_fg (kidney/kidney.0512/01)	COMPLETED	0			1	86400000			1	1623342631593	1623344440086	1623345380215	2748622	941557		195.4	1.1	712761344	2661318656	852750336	2728427520	603240365	185613101	54746	45330	40801	28507	4201	5863	/scratch1/btsheal/work/95/8f0b7924784bec4ae62854f1d9a89f			4	122	1778	929	19216	lr
5c/ff8b7c	17	2688726.pbs02	phase1_fg	kidney/kidney.0512/02	phase1_fg (kidney/kidney.0512/02)	COMPLETED	0			1	86400000			1	1623342644841	1623344481182	1623345455239	2810398	972812		195.6	1.1	712228864	2661318656	852103168	2728427520	603245991	185614625	62639	45331	40720	29707	4193	5764	/scratch1/btsheal/work/5c/ff8b7c24c2f15718386c9f9607878c			4	128	1772	929	19216	lr
a9/b43c1d	31	2689145.pbs02	phase1_fg	kidney/kidney.0128/00	phase1_fg (kidney/kidney.0128/00)	COMPLETED	0			1	86400000			1	1623342830870	1623345355226	1623345615252	2784382	259789		188.0	1.0	694484992	2645118976	834117632	2712227840	603105446	185570139	47374	45330	12268	10307	9202	2935	/scratch1/btsheal/work/a9/b43c1dbf003218dfc1d3ea87010f46			4	31	466	929	19216	lr
be/dabf6f	28	2688897.pbs02	phase1_fg	kidney/kidney.0064/01	phase1_fg (kidney/kidney.0064/01)	COMPLETED	0			1	86400000			1	1623342777533	1623345490237	1623345630245	2852712	138588		180.8	1.1	710811648	2661318656	852164608	2728427520	603082771	185562763	50848	45330	6727	7507	4244	1036	/scratch1/btsheal/work/be/dabf6f843f6b441f4e4d35df57fb33			4	17	208	929	19216	lr
ba/4d0484	27	2689019.pbs02	phase1_fg	kidney/kidney.0064/00	phase1_fg (kidney/kidney.0064/00)	COMPLETED	0			1	86400000			1	1623342804158	1623345490242	1623345640248	2836090	150438		181.8	1.1	711217152	2661314560	852430848	2728423424	603083540	185563071	47963	45330	7189	7507	4235	1369	/scratch1/btsheal/work/ba/4d048496e1fb7c8b8907be9dad7dd0			4	17	228	929	19216	lr
86/b7b24d	18	2688729.pbs02	phase1_fg	kidney/kidney.0512/03	phase1_fg (kidney/kidney.0512/03)	COMPLETED	0			1	86400000			1	1623342657972	1623344795133	1623345740256	3082284	947984		195.7	1.1	712814592	2661314560	852541440	2728423424	603249688	185615582	70532	45331	40576	30507	4207	8814	/scratch1/btsheal/work/86/b7b24d7a824d5baeb39d6e030c9bba			4	132	1763	929	19216	lr
d4/21c0c9	22	2688736.pbs02	phase1_fg	kidney/kidney.0256/03	phase1_fg (kidney/kidney.0256/03)	COMPLETED	0			1	86400000			1	1623342711536	1623345485236	1623345960267	3248731	471551		192.7	1.1	713478144	2661314560	852561920	2728423424	603149371	185583958	45608	45330	20767	16507	9210	5428	/scratch1/btsheal/work/d4/21c0c9ae6a3cdb22a9d6a66c03ba74			4	62	853	929	19216	lr
0d/492fec	10	2689824.pbs02	phase1_fg	kidney/kidney.0032/00	phase1_fg (kidney/kidney.0032/00)	COMPLETED	0			1	86400000			1	1623346572864	1623346581385	1623346826349	253485	247500		188.3	1.1	710987776	2661314560	851996672	2728423424	603104799	185569764	48550	45330	11311	10507	4207	1924	/scratch1/btsheal/work/0d/492fecf7c76eae5177746440c5f40f			1	32	422	929	19216	lr
54/c3bf28	12	2689828.pbs02	phase1_fg	kidney/kidney.0064/00	phase1_fg (kidney/kidney.0064/00)	COMPLETED	0			1	86400000			1	1623346599107	1623346665204	1623347155268	556161	486816		192.7	1.1	711094272	2661314560	852205568	2728423424	603151866	185584714	54885	45330	21112	16907	8390	5411	/scratch1/btsheal/work/54/c3bf28aacebaf6ff1e8406bf4a341e			1	64	865	929	19216	lr
e3/11fa51	13	2689829.pbs02	phase1_fg	kidney/kidney.0128/00	phase1_fg (kidney/kidney.0128/00)	COMPLETED	0			1	86400000			1	1623346612257	1623346860227	1623347780331	1168074	916227		195.6	1.1	711999488	2661318656	852176896	2728427520	603246508	185614837	64214	45331	41038	29707	9204	5384	/scratch1/btsheal/work/e3/11fa513b3d2f9b5688bcaeffc10ad1			1	128	1786	929	19216	lr
2c/e21372	8	2689822.pbs02	phase1_fg	kidney/kidney.0256/00	phase1_fg (kidney/kidney.0256/00)	COMPLETED	0			1	86400000			1	1623346546528	1623346555190	1623348365385	1818857	1810972		197.3	1.1	713539584	2661314560	852860928	2728423424	603428792	185672257	67087	45331	76672	55307	4201	7643	/scratch1/btsheal/work/2c/e213728d0b37147601ca051b66656e			1	256	3410	929	19216	lr
1d/2a0476	11	2689827.pbs02	phase1_fg	kidney/kidney.0512/00	phase1_fg (kidney/kidney.0512/00)	COMPLETED	0			1	86400000			1	1623346585981	1623346590196	1623350385537	3799556	3791831		198.4	1.0	696074240	2645118976	834154496	2712227840	603807664	185792835	76959	45333	156547	106507	4207	10957	/scratch1/btsheal/work/1d/2a047686a7f39c020431f0adb76371			1	512	7096	929	19216	lr
26/5c4aa7	9	2689823.pbs02	phase1_fg	kidney/kidney.1024/00	phase1_fg (kidney/kidney.1024/00)	COMPLETED	0			1	86400000			1	1623346559693	1623346565192	1623353896783	7337090	7329639		198.1	1.1	712249344	2661314560	852160512	2728423424	604550545	186028039	103731	45337	801042592	208907	17615	24415	/scratch1/btsheal/work/26/5c4aa7fcf109dd4bedd50d3fb4e8d8			1	1024	13973	929	19216	lr
0e/a54005	11	2687892.pbs02	phase1_fg	kidney/kidney.0032/00	phase1_fg (kidney/kidney.0032/00)	COMPLETED	0			1	86400000			1	1623338280646	1623338289730	1623338434768	154122	148016		181.9	1.1	711188480	2661314560	852303872	2728423424	603083140	185562911	42752	45330	6949	7507	4195	1401	/scratch1/btsheal/work/0e/a540058e6487fa27156c9d525073fc			2	17	218	929	19216	lr
53/72440d	12	2687893.pbs02	phase1_fg	kidney/kidney.0032/01	phase1_fg (kidney/kidney.0032/01)	COMPLETED	0			1	86400000			1	1623338293696	1623338299732	1623338434800	141104	131883		179.3	1.1	710918144	2661318656	852336640	2728427520	603080537	185562111	57790	45330	6538	7107	4197	1185	/scratch1/btsheal/work/53/72440d57826e1defdfb9bd3e78111d			2	15	204	929	19216	lr
65/8e8b07	13	2687894.pbs02	phase1_fg	kidney/kidney.0256/00	phase1_fg (kidney/kidney.0256/00)	COMPLETED	0			1	86400000			1	1623338306719	1623338314736	1623339295901	989182	979858		195.5	1.0	697262080	2645118976	835047424	2712227840	603245981	185614379	61442	45331	39562	30107	8384	6288	/scratch1/btsheal/work/65/8e8b07fc8fec64e6e6c15f7116cbde			2	130	1707	929	19216	lr
8f/d63491	14	2687896.pbs02	phase1_fg	kidney/kidney.0256/01	phase1_fg (kidney/kidney.0256/01)	COMPLETED	0			1	86400000			1	1623338319867	1623338524771	1623339476106	1156239	946822		195.6	1.0	694628352	2645118976	834412544	2712227840	603241682	185613143	59382	45331	39286	29307	4276	6374	/scratch1/btsheal/work/8f/d6349156beb9b1eff5920a2dc22159			2	126	1703	929	19216	lr
e0/ce04f4	18	2687924.pbs02	phase1_fg	kidney/kidney.0064/01	phase1_fg (kidney/kidney.0064/01)	COMPLETED	0			1	86400000			1	1623338372173	1623339499902	1623339749940	1377767	249200		187.7	1.1	712757248	2661314560	851943424	2728423424	603103288	185569396	43525	45330	11548	10107	9203	2423	/scratch1/btsheal/work/e0/ce04f47bc8f0a1983d81d42fa396d0			2	30	429	929	19216	lr
46/daa35f	20	2687926.pbs02	phase1_fg	kidney/kidney.0128/01	phase1_fg (kidney/kidney.0128/01)	COMPLETED	0			1	86400000			1	1623338398418	1623339304873	1623339814942	1416524	510906		192.5	1.1	712560640	2661318656	852254720	2728427520	603153536	185585261	47300	45330	21538	17107	9203	4778	/scratch1/btsheal/work/46/daa35f64c04646ca3e0b1fecc0b4c1			2	65	883	929	19216	lr
5a/2ef79a	17	2687922.pbs02	phase1_fg	kidney/kidney.0064/00	phase1_fg (kidney/kidney.0064/00)	COMPLETED	0			1	86400000			1	1623338359062	1623339836118	1623340104972	1745910	264663		188.3	1.1	711389184	2661322752	852467712	2728431616	603107447	185570576	51607	45330	11740	10907	9202	2396	/scratch1/btsheal/work/5a/2ef79a8c985b56758012731d7f8135			2	34	436	929	19216	lr
de/414be4	19	2687925.pbs02	phase1_fg	kidney/kidney.0128/00	phase1_fg (kidney/kidney.0128/00)	COMPLETED	0			1	86400000			1	1623338385315	1623339776587	1623340274996	1889681	503718		192.4	1.1	711110656	2661318656	851869696	2728427520	603151832	185584827	46041	45330	789599404	16707	17642	4599	/scratch1/btsheal/work/de/414be474fc44620a0d6bc5a763526a			2	63	903	929	19216	lr
bb/dd2169	16	2687921.pbs02	phase1_fg	kidney/kidney.0512/01	phase1_fg (kidney/kidney.0512/01)	COMPLETED	0			1	86400000			1	1623338345971	1623338524777	1623340420001	2074030	1892477		197.3	1.1	712781824	2661314560	852770816	2728423424	603436711	185674941	65818	45332	79120	56107	9314	8751	/scratch1/btsheal/work/bb/dd21699a15b4ec046002c0231caaae			2	260	3535	929	19216	lr
82/28695c	15	2687897.pbs02	phase1_fg	kidney/kidney.0512/00	phase1_fg (kidney/kidney.0512/00)	COMPLETED	0			1	86400000			1	1623338332911	1623340136142	1623341960118	3627207	1818709		196.9	1.1	712323072	2661314560	852303872	2728423424	603429837	185673159	61071	45331	79603	54507	9207	6917	/scratch1/btsheal/work/82/28695ce65ef74a3210073535ecdc4f			2	252	3561	929	19216	lr
69/d1ef3d	9	2687889.pbs02	phase1_fg	kidney/kidney.1024/00	phase1_fg (kidney/kidney.1024/00)	COMPLETED	0			1	86400000			1	1623338254378	1623338259730	1623342000111	3745733	3737387		198.0	1.1	712134656	2661318656	852336640	2728427520	603797151	185789593	71977	45333	154840	104907	4194	10947	/scratch1/btsheal/work/69/d1ef3d39eaa989ba0db70d11aafa9d			2	504	6998	929	19216	lr
eb/6a4dbb	10	2687890.pbs02	phase1_fg	kidney/kidney.1024/01	phase1_fg (kidney/kidney.1024/01)	COMPLETED	0			1	86400000			1	1623338267526	1623338275702	1623342050121	3782595	3776111		198.1	1.1	713261056	2661318656	853110784	2728427520	603812271	185793705	78195	45334	154696	108107	4199	34003	/scratch1/btsheal/work/eb/6a4dbb67c18fbec2596d49f3c3ff9a			2	520	6975	929	19216	lr
