hash	task_id	native_id	process	tag	name	status	exit	module	container	cpus	time	disk	memory	attempt	submit	start	complete	duration	realtime	queue	%cpu	%mem	rss	vmem	peak_rss	peak_vmem	rchar	wchar	syscr	syscw	read_bytes	write_bytes	vol_ctxt	inv_ctxt	workdir	scratch	error_action	chunks	gmt_lines	gmt_genes
be/16463e	125	2697885.pbs02	phase1_select		phase1_select (1)	COMPLETED	0			1	86400000			1	1623363424177	1623363430498	1623363455514	31337	25104		97.5	0.9	585134080	2480873472	585134080	2480873472	226622694	253307	6594	25	9207	53536	7817	56	/scratch1/btsheal/work/be/16463eac2b0adfe0aa39da2acb1cad			16	1024	13973
03/b0638d	126	2697886.pbs02	phase1_select		phase1_select (2)	COMPLETED	0			1	86400000			1	1623363437355	1623363441860	1623363470519	33164	23995		97.6	0.9	592498688	2486218752	592498688	2486218752	226283012	89305	6575	25	54007	43330	3527	53	/scratch1/btsheal/work/03/b0638d8780d195b1bba2d8aa8ba303			16	256	3410
b4/fe6c53	127	2697887.pbs02	phase1_select		phase1_select (3)	COMPLETED	0			1	86400000			1	1623363450592	1623363455545	1623363480517	29925	23650		98.4	0.9	593694720	2489106432	593694720	2489106432	226327675	11395	6570	25	207607	8998	3528	67	/scratch1/btsheal/work/b4/fe6c5368323ef2694dfc3cf4e2cc17			16	32	422
56/162b0e	128	2697888.pbs02	phase1_select		phase1_select (4)	COMPLETED	0			1	86400000			1	1623363463819	1623363470536	1623363495519	31700	23953		98.5	0.9	592646144	2488709120	592646144	2488709120	226390537	140591	6582	25	28407	41366	3534	56	/scratch1/btsheal/work/56/162b0efba9c79b4ec30976ca497448			16	512	7096
34/3398db	129	2697889.pbs02	phase1_select		phase1_select (5)	COMPLETED	0			1	86400000			1	1623363477061	1623363485520	1623363510520	33459	23922		98.5	0.9	585789440	2483433472	585789440	2483433472	226241610	22988	6570	25	105207	14057	3531	54	/scratch1/btsheal/work/34/3398db529e0d45ee2fcbbde6464a45			16	64	865
ed/ba8d2c	130	2697893.pbs02	phase1_select		phase1_select (6)	COMPLETED	0			1	86400000			1	1623363490181	1623363495542	1623363520519	30338	24051		98.5	0.9	585428992	2482716672	585428992	2482716672	226185222	39460	6571	25	15607	17241	3528	65	/scratch1/btsheal/work/ed/ba8d2c3bfb3152041cc7150206e2f3			16	128	1786
d3/8f2d96	69	2695146.pbs02	phase1_select		phase1_select (1)	COMPLETED	0			1	86400000			1	1623358313240	1623358319993	1623358349998	36758	28144		93.7	1.0	665186304	2539765760	667308032	2542145536	226821096	363004	6594	25	393521910	163234	15631	167	/scratch1/btsheal/work/d3/8f2d96f63688744f17d69f58067f7d			8	1024	13973
c1/c6461f	70	2695147.pbs02	phase1_select		phase1_select (2)	COMPLETED	0			1	86400000			1	1623358326354	1623358334994	1623358359997	33643	24238		98.4	0.9	585322496	2482221056	585322496	2482221056	226238211	65089	6575	25	37878	19115	3577	59	/scratch1/btsheal/work/c1/c6461f602e0787d3f996e2f69e0107			8	256	3410
18/d08eb0	71	2695149.pbs02	phase1_select		phase1_select (3)	COMPLETED	0			1	86400000			1	1623358339250	1623358346387	1623358369999	30749	23850		98.4	0.9	587788288	2483965952	587788288	2483965952	226174074	11394	6570	25	58102	8998	3529	217	/scratch1/btsheal/work/18/d08eb0066001b7347f3973aa08f8bb			8	32	422
98/8d21a8	72	2695155.pbs02	phase1_select		phase1_select (4)	COMPLETED	0			1	86400000			1	1623358352946	1623358360013	1623358384999	32053	24627		97.6	0.9	590409728	2485010432	590409728	2485010432	226467341	183515	6583	25	158454	84291	3524	58	/scratch1/btsheal/work/98/8d21a801ae1c1554c13840f865ffde			8	512	7096
d3/fe816b	73	2695176.pbs02	phase1_select		phase1_select (5)	COMPLETED	0			1	86400000			1	1623358365942	1623358370020	1623358394998	29056	23811		98.6	0.9	587571200	2485145600	587571200	2485145600	226164809	22987	6570	25	36598	14057	3531	58	/scratch1/btsheal/work/d3/fe816ba07144b9369f73b90c239514			8	64	865
f7/d71c87	74	2695185.pbs02	phase1_select		phase1_select (6)	COMPLETED	0			1	86400000			1	1623358379245	1623358389995	1623358414997	35752	23928		98.4	0.9	588251136	2483433472	588251136	2483433472	226185221	39459	6571	25	31990	17241	3534	53	/scratch1/btsheal/work/f7/d71c8703d5fb5953b310ee5dd14a9a			8	128	1786
06/447d20	41	2689651.pbs02	phase1_select		phase1_select (1)	COMPLETED	0			1	86400000			1	1623346062798	1623346070273	1623346095278	32480	25773		97.3	0.9	584617984	2478383104	584617984	2478383104	226718705	307493	6594	25	105206	107723	7815	53	/scratch1/btsheal/work/06/447d20b70a41d3851bdec7a9b6ffb6			4	1024	13973
9d/4a3b55	42	2689652.pbs02	phase1_select		phase1_select (2)	COMPLETED	0			1	86400000			1	1623346075974	1623346080274	1623346105281	29307	23394		97.5	0.8	572792832	2446802944	598949888	2490556416	226257424	75285	6575	25	28406	29311	3528	53	/scratch1/btsheal/work/9d/4a3b5567e55f5f63e6bd33ff4d4952			4	256	3410
a7/5e9026	43	2689655.pbs02	phase1_select		phase1_select (3)	COMPLETED	0			1	86400000			1	1623346089121	1623346100276	1623346125278	36157	25807		90.5	0.8	562061312	2455822336	562061312	2455822336	226174145	11394	6570	25	776704758	8998	15280	44	/scratch1/btsheal/work/a7/5e9026b7e92c27bd4d49a6ffa259d3			4	32	422
87/f0264e	44	2689656.pbs02	phase1_select		phase1_select (4)	COMPLETED	0			1	86400000			1	1623346102265	1623346111398	1623346135281	33016	23691		98.1	0.9	577527808	2452037632	597008384	2490552320	226377748	133468	6582	25	15606	34244	3526	206	/scratch1/btsheal/work/87/f0264ed67340b9b82c8f63c27dbcce			4	512	7096
4f/76ffa9	45	2689659.pbs02	phase1_select		phase1_select (5)	COMPLETED	0			1	86400000			1	1623346115381	1623346125297	1623346145280	29899	23584		98.4	0.9	595189760	2487635968	595189760	2487635968	226145622	19404	6570	25	9206	10474	3530	55	/scratch1/btsheal/work/4f/76ffa95d4024c189190e7cb91eb39d			4	64	865
72/718710	46	2689660.pbs02	phase1_select		phase1_select (6)	COMPLETED	0			1	86400000			1	1623346128457	1623346135301	1623346160279	31822	23670		97.4	0.9	597028864	2488844288	597028864	2488844288	226377289	46502	6571	25	223990	24284	3539	54	/scratch1/btsheal/work/72/718710b302b7a5d5ffef9fda6c29b4			4	128	1786
e7/1d82f0	20	2691860.pbs02	phase1_select		phase1_select (1)	COMPLETED	0			1	86400000			1	1623353999835	1623354006783	1623354031792	31957	26182		93.7	0.8	572731392	2465660928	572731392	2465660928	226622708	253306	6594	25	573973494	53536	15078	74	/scratch1/btsheal/work/e7/1d82f02c743feb84b211c938045d0a			1	1024	13973
82/b426c2	21	2691862.pbs02	phase1_select		phase1_select (2)	COMPLETED	0			1	86400000			1	1623354012893	1623354021785	1623354046791	33898	24110		98.4	0.9	589295616	2484477952	589295616	2484477952	226244627	68331	6575	25	44278	22357	3538	62	/scratch1/btsheal/work/82/b426c266114d7c1cef7f23e3e1be90			1	256	3410
87/46bb70	22	2691867.pbs02	phase1_select		phase1_select (3)	COMPLETED	0			1	86400000			1	1623354025989	1623354031968	1623354056792	30803	23692		96.8	0.9	590757888	2486218752	590757888	2486218752	226148465	11394	6570	25	40694	8998	7817	59	/scratch1/btsheal/work/87/46bb703e37f7a32bbe0677812d267a			1	32	422
24/e9d1c6	23	2691869.pbs02	phase1_select		phase1_select (4)	COMPLETED	0			1	86400000			1	1623354039191	1623354048075	1623354071792	32601	24382		98.4	0.9	590155776	2484477952	590155776	2484477952	226416152	155454	6582	25	107254	56230	3531	50	/scratch1/btsheal/work/24/e9d1c6b4dbe53ca71342755d90f8dd			1	512	7096
e7/24ff60	24	2691873.pbs02	phase1_select		phase1_select (5)	COMPLETED	0			1	86400000			1	1623354052191	1623354056816	1623354081791	29600	23535		98.6	0.9	594337792	2488303616	594337792	2488303616	226241625	22987	6570	25	113398	14057	3531	52	/scratch1/btsheal/work/e7/24ff60f9c9279bc8356cf4af206d52			1	64	865
45/a5a4a8	25	2691881.pbs02	phase1_select		phase1_select (6)	COMPLETED	0			1	86400000			1	1623354065258	1623354076790	1623354096793	31535	23537		98.1	0.9	577241088	2451251200	597467136	2490552320	226377212	46502	6571	25	223990	24284	3528	63	/scratch1/btsheal/work/45/a5a4a8b0b08507983cc8d0bbfa1bd1			1	128	1786
71/cb8ac1	27	2688670.pbs02	phase1_select		phase1_select (1)	COMPLETED	0			1	86400000			1	1623342153920	1623342165121	1623342190128	36208	24730		96.0	0.9	591122432	2485280768	591122432	2485280768	226629105	256957	6594	25	23798	57187	7819	62	/scratch1/btsheal/work/71/cb8ac1554240aa001c59744a6c7035			2	1024	13973
f6/7a433a	28	2688673.pbs02	phase1_select		phase1_select (2)	COMPLETED	0			1	86400000			1	1623342167661	1623342175123	1623342200127	32466	23776		98.2	0.9	596242432	2489786368	596242432	2489786368	226283023	89304	6575	25	54006	43330	3534	239	/scratch1/btsheal/work/f6/7a433ac153c0d04022e26c67e9b7cb			2	256	3410
e6/73fa52	29	2688674.pbs02	phase1_select		phase1_select (3)	COMPLETED	0			1	86400000			1	1623342180666	1623342185125	1623342210126	29460	23338		98.1	0.9	577671168	2451906560	594997248	2490556416	226129286	11394	6570	25	9206	8998	3526	60	/scratch1/btsheal/work/e6/73fa52d974a1baa3fde46af8e8c509			2	32	422
87/5a83e6	30	2688676.pbs02	phase1_select		phase1_select (4)	COMPLETED	0			1	86400000			1	1623342193836	1623342200187	1623342225124	31288	23907		98.2	0.9	594948096	2488307712	594948096	2488307712	226390548	140590	6582	25	28406	41366	3526	173	/scratch1/btsheal/work/87/5a83e6e63e0828d4d2ced0845acd1a			2	512	7096
d3/577369	31	2688678.pbs02	phase1_select		phase1_select (5)	COMPLETED	0			1	86400000			1	1623342207005	1623342215124	1623342240126	33121	23918		98.5	0.9	588681216	2483167232	588681216	2483167232	226241621	22987	6570	25	105206	14057	3529	208	/scratch1/btsheal/work/d3/57736948221774413966249c4c7d26			2	64	865
03/2e157c	32	2688679.pbs02	phase1_select		phase1_select (6)	COMPLETED	0			1	86400000			1	1623342220164	1623342225144	1623342250127	29963	23708		96.8	0.8	567742464	2441883648	597712896	2490556416	226377233	46502	6571	25	207606	24284	3530	57	/scratch1/btsheal/work/03/2e157cc5fc4a36e824f72b59202552			2	128	1786
