hash	task_id	native_id	process	tag	name	status	exit	module	container	cpus	time	disk	memory	attempt	submit	start	complete	duration	realtime	queue	%cpu	%mem	rss	vmem	peak_rss	peak_vmem	rchar	wchar	syscr	syscw	read_bytes	write_bytes	vol_ctxt	inv_ctxt	workdir	scratch	error_action	chunks	gmt_lines
c1/941daa	120	2697875.pbs02	phase1_merge	kidney/kidney.0032	phase1_merge (kidney/kidney.0032)	COMPLETED	0			1	86400000			1	1623363344528	1623363350498	1623363350505	5977	541		14.5	0.0	7655424	900759552	7655424	900759552	323101	25030	679	82	27064	16231	236	0	/scratch1/btsheal/work/c1/941daadbaf65f1f324c77f5cc20e71			16	552
a0/d2fbdd	119	2697876.pbs02	phase1_merge	kidney/kidney.0256	phase1_merge (kidney/kidney.0256)	COMPLETED	0			1	86400000			1	1623363357809	1623363365498	1623363365506	7697	530		12.9	0.0	7823360	900759552	7823360	900759552	505302	159432	680	88	164464	105831	235	1	/scratch1/btsheal/work/a0/d2fbdd0befb813b51e1f8395015a2e			16	2792
a1/c44c37	121	2697879.pbs02	phase1_merge	kidney/kidney.1024	phase1_merge (kidney/kidney.1024)	COMPLETED	0			1	86400000			1	1623363370950	1623363375499	1623363380503	9553	508		15.4	0.0	7901184	900759552	7901184	900759552	1124484	620234	696	123	630045	413031	252	0	/scratch1/btsheal/work/a1/c44c3764966ba5e4a0028a0df2c944			16	10472
72/c3773d	122	2697880.pbs02	phase1_merge	kidney/kidney.0128	phase1_merge (kidney/kidney.0128)	COMPLETED	0			1	86400000			1	1623363384352	1623363390500	1623363390507	6155	534		14.7	0.0	7700480	900759552	7700480	900759552	400902	82632	680	85	85664	54631	220	1	/scratch1/btsheal/work/72/c3773d021cca505a39cb8bc2a3fc87			16	1512
21/386547	124	2697881.pbs02	phase1_merge	kidney/kidney.0512	phase1_merge (kidney/kidney.0512)	COMPLETED	0			1	86400000			1	1623363397693	1623363405500	1623363405507	7814	534		12.8	0.0	7950336	900759552	7950336	900759552	713702	313032	680	94	321664	208231	233	2	/scratch1/btsheal/work/21/3865474b83d9b6a16c289938eca3f5			16	5352
fa/c4f98e	123	2697882.pbs02	phase1_merge	kidney/kidney.0064	phase1_merge (kidney/kidney.0064)	COMPLETED	0			1	86400000			1	1623363410892	1623363415499	1623363420507	9615	494		13.8	0.0	7606272	900759552	7606272	900759552	349301	44230	680	83	46864	29031	234	3	/scratch1/btsheal/work/fa/c4f98eb1c8ce5bfa155f15b029f95f			16	872
f0/6e1756	64	2695137.pbs02	phase1_merge	kidney/kidney.1024	phase1_merge (kidney/kidney.1024)	COMPLETED	0			1	86400000			1	1623358195598	1623358294989	1623358299995	104397	301		15.9	0.0	7753728	900759552	7753728	900759552	1039067	620057	488	99	629180	413031	221	1	/scratch1/btsheal/work/f0/6e1756948d261cb987ce8fb35e2c5f			8	10456
ca/fd8b56	63	2695140.pbs02	phase1_merge	kidney/kidney.0032	phase1_merge (kidney/kidney.0032)	COMPLETED	0			1	86400000			1	1623358208654	1623358300134	1623358300140	91486	282		13.7	0.0	7069696	678481920	7069696	678481920	238284	24853	455	50	26799	16231	250	2	/scratch1/btsheal/work/ca/fd8b563bc83e9bf33e62c297dce5ef			8	536
7d/497921	66	2695143.pbs02	phase1_merge	kidney/kidney.0256	phase1_merge (kidney/kidney.0256)	COMPLETED	0			1	86400000			1	1623358231938	1623358300271	1623358304997	73059	287		13.4	0.0	7811072	900759552	7811072	900759552	423085	159255	456	56	166799	105831	225	0	/scratch1/btsheal/work/7d/497921fb264b26eeaeada802684de4			8	2776
50/533bea	68	2695144.pbs02	phase1_merge	kidney/kidney.0512	phase1_merge (kidney/kidney.0512)	COMPLETED	0			1	86400000			1	1623358244802	1623358305105	1623358305110	60308	284		16.8	0.0	7589888	900759552	7589888	900759552	629490	312855	464	70	321980	208231	239	1	/scratch1/btsheal/work/50/533bea339df0691504ec742551fc64			8	5336
c3/c2eb69	65	2695142.pbs02	phase1_merge	kidney/kidney.0128	phase1_merge (kidney/kidney.0128)	COMPLETED	0			1	86400000			1	1623358220300	1623358309990	1623358309996	89696	275		17.5	0.0	7757824	900759552	7757824	900759552	316909	82455	456	53	86199	54631	236	1	/scratch1/btsheal/work/c3/c2eb6998aafda3e19827d9b7b08d17			8	1496
e0/10e474	67	2695145.pbs02	phase1_merge	kidney/kidney.0064	phase1_merge (kidney/kidney.0064)	COMPLETED	0			1	86400000			1	1623358257810	1623358324991	1623358324998	67188	328		11.8	0.0	7643136	900759552	7643136	900759552	264892	44053	456	51	157591	29031	209	2	/scratch1/btsheal/work/e0/10e474e00b19232d8a609becfb5de3			8	856
1d/1687f4	35	2689640.pbs02	phase1_merge	kidney/kidney.0512	phase1_merge (kidney/kidney.0512)	COMPLETED	0			1	86400000			1	1623345984035	1623345995265	1623345995272	11237	146		25.2	0.0	3141632	227840000	3141632	227840000	586782	312767	359	57	321548	208231	15	0	/scratch1/btsheal/work/1d/1687f4b1dd8c22c3020f494b5038a9			4	5328
9c/8e0620	37	2689643.pbs02	phase1_merge	kidney/kidney.0128	phase1_merge (kidney/kidney.0128)	COMPLETED	0			1	86400000			1	1623345997080	1623346010264	1623346010270	13190	136		20.4	0.0	3215360	227840000	3215360	227840000	277601	82367	344	37	89167	54631	15	0	/scratch1/btsheal/work/9c/8e062043abe530df72ecbccf238937			4	1488
86/1504ee	36	2689644.pbs02	phase1_merge	kidney/kidney.0256	phase1_merge (kidney/kidney.0256)	COMPLETED	0			1	86400000			1	1623346010157	1623346015268	1623346020276	10119	158		17.7	0.0	3219456	227840000	3219456	227840000	381982	159167	348	44	167948	105831	21	0	/scratch1/btsheal/work/86/1504eefa159c255f8e07cb885d1bdc			4	2768
2b/495d33	39	2689645.pbs02	phase1_merge	kidney/kidney.0064	phase1_merge (kidney/kidney.0064)	COMPLETED	0			1	86400000			1	1623346023331	1623346030272	1623346030277	6946	155		18.2	0.0	5001216	455680000	5001216	455680000	223600	43965	344	35	47967	29031	18	0	/scratch1/btsheal/work/2b/495d330fcc3a400eda2fec1f0f8238			4	848
e2/4bfb4b	40	2689646.pbs02	phase1_merge	kidney/kidney.0032	phase1_merge (kidney/kidney.0032)	COMPLETED	0			1	86400000			1	1623346036551	1623346045273	1623346045281	8730	148		19.0	0.0	4890624	455680000	4890624	455680000	196400	24765	343	34	27167	16231	18	1	/scratch1/btsheal/work/e2/4bfb4b2f2c35a7a6b59a596d0287e6			4	528
6d/92b08a	38	2689648.pbs02	phase1_merge	kidney/kidney.1024	phase1_merge (kidney/kidney.1024)	COMPLETED	0			1	86400000			1	1623346049720	1623346060273	1623346060280	10560	166		22.6	0.0	5079040	455680000	5079040	455680000	996383	619969	380	83	628748	413031	19	0	/scratch1/btsheal/work/6d/92b08a1b2aaa14e7bc7f045ac4f4cc			4	10448
e3/6202d8	14	2691816.pbs02	phase1_merge	kidney/kidney.0032	phase1_merge (kidney/kidney.0032)	COMPLETED	0			1	86400000			1	1623353920658	1623353922997	1623353926785	6127	82		20.8	0.0	3284992	227840000	3284992	227840000	168968	24696	259	22	31443	16231	16	0	/scratch1/btsheal/work/e3/6202d8e5667eee5763c4e8027e1ba6			1	522
e8/0d3a00	15	2691825.pbs02	phase1_merge	kidney/kidney.0064	phase1_merge (kidney/kidney.0064)	COMPLETED	0			1	86400000			1	1623353933780	1623353941780	1623353941788	8008	72		36.1	0.0	3416064	227840000	3416064	227840000	196349	43896	261	24	52424	29031	20	0	/scratch1/btsheal/work/e8/0d3a00922cf598d7fff26912447572			1	842
e2/cde9c0	16	2691841.pbs02	phase1_merge	kidney/kidney.0128	phase1_merge (kidney/kidney.0128)	COMPLETED	0			1	86400000			1	1623353947199	1623353961781	1623353961789	14590	83		20.4	0.0	3284992	227840000	3284992	227840000	247550	82298	264	28	90824	54631	17	0	/scratch1/btsheal/work/e2/cde9c01277df2a7c870926d93efd77			1	1482
fc/929ad3	17	2691857.pbs02	phase1_merge	kidney/kidney.0256	phase1_merge (kidney/kidney.0256)	COMPLETED	0			1	86400000			1	1623353960396	1623353976783	1623353976791	16395	71		23.5	0.0	3252224	227840000	3252224	227840000	349950	159098	269	34	167624	105831	18	1	/scratch1/btsheal/work/fc/929ad3500bee6f01a4e748947b0609			1	2762
52/28b227	18	2691858.pbs02	phase1_merge	kidney/kidney.0512	phase1_merge (kidney/kidney.0512)	COMPLETED	0			1	86400000			1	1623353973477	1623353981782	1623353981789	8312	68		36.6	0.0	3416064	227840000	3416064	227840000	554750	312698	278	46	321224	208231	21	0	/scratch1/btsheal/work/52/28b2276c58b0ffbd3c409b82717c28			1	5322
52/f1af30	19	2691859.pbs02	phase1_merge	kidney/kidney.1024	phase1_merge (kidney/kidney.1024)	COMPLETED	0			1	86400000			1	1623353986684	1623353991783	1623353991790	5106	83		31.2	0.0	3411968	227840000	3411968	227840000	964351	619900	297	71	628424	413031	21	1	/scratch1/btsheal/work/52/f1af304464d07a6cfad223ea5349ed			1	10442
1a/85624f	22	2688652.pbs02	phase1_merge	kidney/kidney.0064	phase1_merge (kidney/kidney.0064)	COMPLETED	0			1	86400000			1	1623342073716	1623342076092	1623342080123	6407	80		21.2	0.0	3272704	227840000	3272704	227840000	205644	43918	288	27	51151	29031	15	1	/scratch1/btsheal/work/1a/85624f05e3e6d551858773a4e6240f			2	844
ce/fdafe1	21	2688654.pbs02	phase1_merge	kidney/kidney.0256	phase1_merge (kidney/kidney.0256)	COMPLETED	0			1	86400000			1	1623342086844	1623342095117	1623342095124	8280	78		22.1	0.0	3198976	227840000	3198976	227840000	360626	159120	296	38	167732	105831	18	0	/scratch1/btsheal/work/ce/fdafe101f7ec02a83a7e6ebe51acd1			2	2764
b5/8c8700	23	2688655.pbs02	phase1_merge	kidney/kidney.0032	phase1_merge (kidney/kidney.0032)	COMPLETED	0			1	86400000			1	1623342099986	1623342105118	1623342110123	10137	109		16.6	0.0	3268608	227840000	3268608	227840000	176644	24718	287	26	28551	16231	16	1	/scratch1/btsheal/work/b5/8c87008af1ebb7ec1e9a4537aeedc3			2	524
68/e67ef1	24	2688659.pbs02	phase1_merge	kidney/kidney.0128	phase1_merge (kidney/kidney.0128)	COMPLETED	0			1	86400000			1	1623342113191	1623342120118	1623342120125	6934	89		29.3	0.0	3379200	227840000	3379200	227840000	258226	82320	290	31	90932	54631	17	0	/scratch1/btsheal/work/68/e67ef1acd242befd4a943e36850720			2	1484
79/bbcc11	25	2688662.pbs02	phase1_merge	kidney/kidney.0512	phase1_merge (kidney/kidney.0512)	COMPLETED	0			1	86400000			1	1623342126320	1623342135119	1623342135124	8804	77		33.8	0.0	3178496	227840000	3178496	227840000	565426	312720	306	50	321332	208231	19	0	/scratch1/btsheal/work/79/bbcc110283186a2171ae28b8cc9855			2	5324
59/9a0b25	26	2688664.pbs02	phase1_merge	kidney/kidney.1024	phase1_merge (kidney/kidney.1024)	COMPLETED	0			1	86400000			1	1623342140645	1623342145120	1623342150125	9480	125		29.2	0.0	3313664	227840000	3313664	227840000	975027	619922	324	75	628532	413031	15	0	/scratch1/btsheal/work/59/9a0b25d3a96af51d837821373cd4a1			2	10444
