hash	task_id	native_id	process	tag	name	status	exit	module	container	cpus	time	disk	memory	attempt	submit	start	complete	duration	realtime	queue	%cpu	%mem	rss	vmem	peak_rss	peak_vmem	rchar	wchar	syscr	syscw	read_bytes	write_bytes	vol_ctxt	inv_ctxt	workdir	scratch	error_action	chunks	gmt_lines	gmt_genes	n_rows	n_cols
b0/0e4469	132	2697894.pbs02	phase2_rf	kidney/kidney.0032	phase2_rf (kidney/kidney.0032)	COMPLETED	0			1	86400000			1	1623363503323	1623363510539	1623363550519	47196	40542		98.5	1.1	715022336	2595323904	853688320	2730889216	608714616	186286120	56205	45363	10599	716035	5238	112	/scratch1/btsheal/work/b0/0e4469e3471421232f68a20ff95ed1			16	32	409	929	19216
ca/2e7eab	136	2697898.pbs02	phase2_rf	kidney/kidney.1024	phase2_rf (kidney/kidney.1024)	COMPLETED	0			1	86400000			1	1623363529568	1623363535522	1623363575524	45956	40820		98.6	1.1	717197312	2595323904	855629824	2730872832	608715131	186273461	57274	45363	10908	703171	4478	102	/scratch1/btsheal/work/ca/2e7eab2e784433ca86826e0fd29fcb			16	32	422	929	19216
44/117e24	139	2697900.pbs02	phase2_rf	kidney/kidney.0512	phase2_rf (kidney/kidney.0512)	COMPLETED	0			1	86400000			1	1623363555788	1623363561929	1623363621892	66104	57017		97.8	1.1	715702272	2596634624	852938752	2730876928	608834890	187007764	63011	45396	20709	1417801	8262	218	/scratch1/btsheal/work/44/117e24f538ce10bb77c5660dc7cca3			16	64	865	929	19216
cb/f64906	142	2697901.pbs02	phase2_rf	kidney/kidney.0064	phase2_rf (kidney/kidney.0064)	COMPLETED	0			1	86400000			1	1623363568976	1623363575607	1623363630529	61553	55104		98.0	1.1	718573568	2596896768	855642112	2730356736	608836396	186999452	58115	45396	21618	1408879	9802	102	/scratch1/btsheal/work/cb/f64906d033d23df398226cf4cc5db8			16	64	919	929	19216
b0/8befb1	137	2697899.pbs02	phase2_rf	kidney/kidney.0128	phase2_rf (kidney/kidney.0128)	COMPLETED	0			1	86400000			1	1623363542674	1623363550591	1623363640526	97852	87845		98.5	1.1	719040512	2597163008	855531520	2730352640	609073960	188460355	76046	45463	40041	2831209	5330	155	/scratch1/btsheal/work/b0/8befb1546bb856b99e5f402b9558af			16	128	1758	929	19216
e4/796bca	133	2697895.pbs02	phase2_rf	kidney/kidney.0256	phase2_rf (kidney/kidney.0256)	COMPLETED	0			1	86400000			1	1623363516468	1623363525516	1623363675528	159060	151886		98.3	1.1	719323136	2597158912	855777280	2730881024	609548038	191327477	106822	45598	76269	5621616	6505	256	/scratch1/btsheal/work/e4/796bca3745e5e0885f20927d386503			16	256	3410	929	19216
c4/bce5e4	78	2695209.pbs02	phase2_rf	kidney/kidney.0032	phase2_rf (kidney/kidney.0032)	COMPLETED	0			1	86400000			1	1623358405843	1623358424995	1623358467104	61261	41304		97.6	1.1	717516800	2595590144	855592960	2730876928	608715310	186279325	50245	45363	11015	708966	4466	88	/scratch1/btsheal/work/c4/bce5e4b34beb859133cd9e94c1c521			8	32	423	929	19216
4b/2f689f	80	2695210.pbs02	phase2_rf	kidney/kidney.0256	phase2_rf (kidney/kidney.0256)	COMPLETED	0			1	86400000			1	1623358419038	1623358430001	1623358470006	50968	41181		98.2	1.1	714768384	2595323904	852897792	2730352640	608715130	186269578	61834	45363	10907	699289	4453	94	/scratch1/btsheal/work/4b/2f689f41019f5edb65d49703270c46			8	32	422	929	19216
3c/9f54a8	83	2695214.pbs02	phase2_rf	kidney/kidney.0128	phase2_rf (kidney/kidney.0128)	COMPLETED	0			1	86400000			1	1623358447852	1623358455004	1623358515029	67177	55483		97.6	1.1	719065088	2596638720	856023040	2730876928	608834905	187013987	69787	45396	20708	1424025	9779	278	/scratch1/btsheal/work/3c/9f54a82652ffcbeba0bb31fbf24cb0			8	64	865	929	19216
b1/9fab72	86	2695215.pbs02	phase2_rf	kidney/kidney.0064	phase2_rf (kidney/kidney.0064)	COMPLETED	0			1	86400000			1	1623358461009	1623358505026	1623358560027	99018	56786		98.3	1.1	715620352	2596634624	852672512	2730876928	608836404	187002631	67796	45396	21617	1412059	6464	132	/scratch1/btsheal/work/b1/9fab72de540df26c2e52e37666cc10			8	64	919	929	19216
2e/44f29a	81	2695212.pbs02	phase2_rf	kidney/kidney.0512	phase2_rf (kidney/kidney.0512)	COMPLETED	0			1	86400000			1	1623358433487	1623358440003	1623358715040	281553	276303		98.5	1.1	719818752	2597683200	855863296	2730872832	610508554	197171869	147015	45866	156143	11307600	10557	429	/scratch1/btsheal/work/2e/44f29abdf942a7d1c08ceb3b76ad24			8	512	7096	929	19216
3f/2c2f7f	76	2695199.pbs02	phase2_rf	kidney/kidney.1024	phase2_rf (kidney/kidney.1024)	COMPLETED	0			1	86400000			1	1623358392770	1623358409996	1623358935048	542278	523758		98.5	1.1	718336000	2598207488	853446656	2730356736	612414696	208720184	250623	46402	61349644	22545103	15159	774	/scratch1/btsheal/work/3f/2c2f7f7de4d00fc939c0d6a71e4cd8			8	1024	13973	929	19216
4b/a2baaa	51	2689665.pbs02	phase2_rf	kidney/kidney.0256	phase2_rf (kidney/kidney.0256)	COMPLETED	0			1	86400000			1	1623346167747	1623346171461	1623346215288	47541	39989		96.6	1.1	717795328	2595323904	855818240	2730352640	608715199	186268893	48474	45363	32623259	698604	6394	202	/scratch1/btsheal/work/4b/a2baaa307a37071617155dd82a6fdf			4	32	422	929	19216
c1/aef521	54	2689668.pbs02	phase2_rf	kidney/kidney.0064	phase2_rf (kidney/kidney.0064)	COMPLETED	0			1	86400000			1	1623346180921	1623346185283	1623346240289	59368	54636		97.9	1.1	719269888	2596896768	855932928	2730356736	608835087	187002359	57776	45396	20786	1412341	4770	114	/scratch1/btsheal/work/c1/aef521971ba6608bfa764bb4e9b6f2			4	64	877	929	19216
8b/202bda	56	2689669.pbs02	phase2_rf	kidney/kidney.0032	phase2_rf (kidney/kidney.0032)	COMPLETED	0			1	86400000			1	1623346193992	1623346200285	1623346240435	46443	39999		98.0	1.1	717565952	2595586048	856117248	2730876928	608715378	186277832	50960	45363	11015	707474	4475	97	/scratch1/btsheal/work/8b/202bda49200a67b047d3492b2a00e3			4	32	421	929	19216
30/c372d8	50	2689664.pbs02	phase2_rf	kidney/kidney.0128	phase2_rf (kidney/kidney.0128)	COMPLETED	0			1	86400000			1	1623346154589	1623346160296	1623346250287	95698	86140		97.8	1.1	718843904	2597158912	855359488	2730876928	609071297	188446130	76501	45463	38435	2818062	5344	164	/scratch1/btsheal/work/30/c372d8e45a7d04dd5676c33f550598			4	128	1674	929	19216
ab/b725b0	58	2689671.pbs02	phase2_rf	kidney/kidney.1024	phase2_rf (kidney/kidney.1024)	COMPLETED	0			1	86400000			1	1623346207199	1623346245287	1623346330328	123129	86671		96.7	1.1	719572992	2596900864	855965696	2730352640	609075017	188449524	68572	45463	40634	2819986	8860	247	/scratch1/btsheal/work/ab/b725b0861f4c7b553eaabbd36346ab			4	128	1786	929	19216
17/c45710	47	2689663.pbs02	phase2_rf	kidney/kidney.0512	phase2_rf (kidney/kidney.0512)	COMPLETED	0			1	86400000			1	1623346141562	1623346150277	1623346420305	278743	270534		98.1	1.1	720257024	2597683200	856084480	2730348544	610510526	197188535	149692	45866	157319	11323487	9413	1429	/scratch1/btsheal/work/17/c45710179785499cfdd35c885cab29			4	512	7134	929	19216
65/4e2076	26	2691896.pbs02	phase2_rf	kidney/kidney.0032	phase2_rf (kidney/kidney.0032)	COMPLETED	0			1	86400000			1	1623354078372	1623354091788	1623354131810	53438	40072		97.9	1.1	717438976	2595323904	855707648	2730348544	608714632	186282396	51975	45363	31361382	712312	6400	262	/scratch1/btsheal/work/65/4e20761c789ad1e6edb50cf9f57464			1	32	409	929	19216
e9/6247c2	31	2691906.pbs02	phase2_rf	kidney/kidney.0128	phase2_rf (kidney/kidney.0128)	COMPLETED	0			1	86400000			1	1623354104504	1623354112965	1623354151810	47306	40098		98.0	1.1	717402112	2595323904	855674880	2730356736	608715122	186265332	63706	45363	19991195	695043	5353	150	/scratch1/btsheal/work/e9/6247c22640016bf33f1be421215f28			1	32	422	929	19216
7a/8768a0	28	2691899.pbs02	phase2_rf	kidney/kidney.0064	phase2_rf (kidney/kidney.0064)	COMPLETED	0			1	86400000			1	1623354091485	1623354096818	1623354156809	65324	55801		98.6	1.1	718770176	2596896768	855597056	2730352640	608833200	187008469	56838	45396	19685	1419193	4765	121	/scratch1/btsheal/work/7a/8768a0d0673bc36361d879cca89a81			1	64	820	929	19216
5f/60245e	34	2691914.pbs02	phase2_rf	kidney/kidney.0512	phase2_rf (kidney/kidney.0512)	COMPLETED	0			1	86400000			1	1623354130620	1623354136811	1623354191816	61196	54413		98.2	1.1	718827520	2596634624	855711744	2730352640	608834905	187005157	61861	45396	20708	1415195	8332	221	/scratch1/btsheal/work/5f/60245ee32ac57f92e0a5f4b9d5a74b			1	64	865	929	19216
5a/543289	37	2691918.pbs02	phase2_rf	kidney/kidney.1024	phase2_rf (kidney/kidney.1024)	COMPLETED	0			1	86400000			1	1623354143741	1623354151893	1623354241818	98077	88551		98.3	1.1	718761984	2596896768	855744512	2730876928	609074940	188468247	79809	45463	40634	2838709	5417	177	/scratch1/btsheal/work/5a/543289edd0c50c1cebbba7100d1e86			1	128	1786	929	19216
6f/cf6fa1	32	2691913.pbs02	phase2_rf	kidney/kidney.0256	phase2_rf (kidney/kidney.0256)	COMPLETED	0			1	86400000			1	1623354117511	1623354126800	1623354276816	159305	152821		98.5	1.1	719106048	2597158912	855760896	2730876928	609554928	191362937	101241	45598	80408	5654301	6484	255	/scratch1/btsheal/work/6f/cf6fa1ea74ee42822f05812cb55551			1	256	3616	929	19216
d6/534061	33	2688682.pbs02	phase2_rf	kidney/kidney.0064	phase2_rf (kidney/kidney.0064)	COMPLETED	0			1	86400000			1	1623342233293	1623342240143	1623342295127	61834	56263		97.0	1.1	719241216	2596634624	856379392	2730876928	608834547	187008906	57925	45396	19783695	1419078	5605	256	/scratch1/btsheal/work/d6/534061bbb1679cc01b6a659ff06b2a			2	64	877	929	19216
4e/44d180	37	2688686.pbs02	phase2_rf	kidney/kidney.0032	phase2_rf (kidney/kidney.0032)	COMPLETED	0			1	86400000			1	1623342259501	1623342265127	1623342305128	45627	39021		98.6	1.1	717910016	2595586048	855941120	2730881024	608715142	186270236	54332	45363	10907	699947	4490	92	/scratch1/btsheal/work/4e/44d180df7a54d5559c0bba11f9f068			2	32	422	929	19216
ed/1cfaf7	41	2688688.pbs02	phase2_rf	kidney/kidney.0512	phase2_rf (kidney/kidney.0512)	COMPLETED	0			1	86400000			1	1623342285697	1623342295248	1623342350148	64451	57391		95.0	1.1	718606336	2596638720	855748608	2730360832	608835012	187013348	56332	45396	809349348	1423379	18369	428	/scratch1/btsheal/work/ed/1cfaf7bc4be2010aab1213b401efa7			2	64	865	929	19216
a7/4916a1	40	2688687.pbs02	phase2_rf	kidney/kidney.0128	phase2_rf (kidney/kidney.0128)	COMPLETED	0			1	86400000			1	1623342272593	1623342280129	1623342365145	92552	86364		98.4	1.1	719683584	2597163008	855863296	2730352640	609073972	188447881	79614	45463	40040	2818736	5335	159	/scratch1/btsheal/work/a7/4916a1abb40e24bf9974c85a66ad86			2	128	1758	929	19216
13/7ea61b	44	2688689.pbs02	phase2_rf	kidney/kidney.1024	phase2_rf (kidney/kidney.1024)	COMPLETED	0			1	86400000			1	1623342298837	1623342305200	1623342390147	91310	86168		98.0	1.1	719122432	2596896768	855875584	2730876928	609074961	188460681	75163	45463	40634	2831143	8875	531	/scratch1/btsheal/work/13/7ea61b88cad48b68059f2b2f7e4c7d			2	128	1786	929	19216
2d/5bbd11	35	2688683.pbs02	phase2_rf	kidney/kidney.0256	phase2_rf (kidney/kidney.0256)	COMPLETED	0			1	86400000			1	1623342246375	1623342255124	1623342400145	153770	146445		98.7	1.1	719773696	2597158912	856145920	2730872832	609548049	191340004	112438	45598	76268	5634144	6517	762	/scratch1/btsheal/work/2d/5bbd11e0be3ee9506abdd676d008b6			2	256	3410	929	19216
